251.515624
250.88582437
250.89351496
250.88925727
251.52904137
251.52748275
250.87340038
250.88433283
250.87760304
250.88694064
251.52600047
251.51610107
250.88952914
250.88003909
250.87413832
251.52764112
251.51994004
250.87256512
250.89332405
250.87534761
251.53088458
251.53194626
250.88360108
250.87457158
250.89085214
250.88189278
251.52988762
250.88128909
250.87750064
250.87035014
250.88602593
251.52133887
251.52135727
250.88144373
250.88749213
250.87171754
251.52011798
251.53331878
250.87295858
250.87133382
250.87915658
251.53030085
251.51587475
250.8835106
250.87675103
250.88209664
251.53839979
251.51698083
250.5031625
246.78462719
246.78681761
250.15701728
251.52425309
251.53414742
250.88146615
250.87780769
250.88161154
251.51766303
251.53314003
250.88942007
250.88888854
250.87162434
251.53413609
251.5151482
250.87785246
250.89009978
250.88909312
251.52728678
251.5380638
250.88098391
250.87360621
250.87131606
250.87295488
251.52535989
250.88732641
250.89332608
250.87561649
250.87829179
251.52809327
251.52561999
250.88720719
250.87125012
250.87166593
251.53245832
251.52080158
250.87294923
250.87864151
250.87635833
251.53429686
251.52661191
250.88604094
250.88542368
250.8794495
250.87215403
251.52053274
251.5390742
250.88957215
250.8897701
250.89422502
251.53914254
251.52101054
250.88201517
250.88151768
250.89327402
251.52439406
251.53534965
250.8881144
250.88041598
250.88408052
250.8744989
251.52076446
251.52829037
250.8941367
250.88596934
250.87915526
251.5189671
251.52327909
250.87027031
250.88837134
250.88918922
251.53356047
251.52904047
250.87983123
250.89372242
250.88083057
250.87422703
251.52352264
250.89082979
250.87636645
250.87320739
250.89337733
251.52039193
251.53396761
250.8788287
250.87979229
250.88525188
251.52936397
251.53677651
250.87307118
250.88860963
250.88226745
251.52669824
251.52064097
250.88595482
250.87048185
250.87179767
248.19775412
230.43793076
213.08346259
203.20246824
203.17728157
212.6560332
229.68150882
248.1191521
250.8908806
250.87526387
250.89272102
251.52407522
251.53709122
250.88588052
250.8728142
250.89396228
251.53386709
251.51816953
250.8899244
250.89166338
250.89063483
251.52008146
251.51833166
250.89148558
250.87229938
250.88485275
250.87437657
251.53290757
250.88941645
250.87397966
250.87457814
250.88016385
251.52516382
251.51539336
250.87659462
250.88821096
250.8706714
251.51644149
251.53777078
250.87932772
250.88780798
250.87952299
251.53094055
251.53389581
250.88921868
250.88406438
250.8756104
250.88775671
251.5155631
251.51564123
250.88978892
250.8790784
250.87785348
251.51635067
250.88581416
250.23890942
250.23187685
250.24852723
250.88357802
250.88387161
250.245767
250.23813283
250.24706547
250.22662569
250.88270094
250.87961448
250.22626036
250.23393769
250.22802559
250.88144522
250.87900263
250.24912287
250.24678727
250.24459046
250.88323011
250.89291134
250.23215767
250.24635556
250.23702927
250.23775725
250.88257225
250.22886618
250.24178021
250.23200288
250.23307006
250.88758069
250.88375515
250.24816293
250.23905884
250.23148421
250.8840877
250.87406502
250.24604492
250.22791213
250.24514088
250.87864297
250.89358078
250.23656368
249.59219155
242.80010556
212.98829031
191.80940404
187.71193243
188.07203265
188.07451373
185.75590462
188.50205966
208.93230015
241.35524195
250.23648392
250.23530614
250.88984391
250.89424649
250.23129072
250.24916585
250.23838344
250.89186755
250.8737831
250.24747153
250.22803004
250.23286481
250.87303122
250.88808526
250.24428453
250.22950211
250.22667678
250.22827516
250.88333108
250.22573813
250.24385731
250.23829536
250.2489125
250.89173271
250.88970648
250.24870347
250.22652523
250.24935325
250.88467407
250.88220635
250.23238884
250.23618865
250.22642078
250.88861945
250.87437141
250.24794699
250.23869428
250.24385796
250.2349368
250.88354362
250.89027699
250.22652604
250.24904328
250.22892967
250.87072376
250.87654895
250.24177104
250.22850446
250.23157442
250.8910891
250.8713196
250.2353739
250.24620683
250.23049709
250.24274926
250.88743047
250.87216511
250.24483485
250.24880843
250.23117072
250.88747179
250.89422804
250.24644324
250.2276052
250.23101735
250.89068397
250.87067471
250.23056156
250.23292987
250.23428777
250.23692103
250.87252243
250.24000666
250.23607562
250.23389535
250.2275894
250.88478497
250.87743921
250.24067949
250.23750541
250.23021073
250.89181104
250.88422411
250.24352612
250.22669133
250.23136094
250.88641485
250.87840462
249.58999084
248.84489006
210.23704516
177.11963869
158.44147968
150.40744063
153.27888971
166.82477799
185.88737232
189.7468819
186.79391596
204.49189644
246.47899902
250.24793061
250.89205956
250.8932409
250.23687119
250.24405468
250.22749942
250.88442069
250.87444722
250.24890682
250.22642506
250.23923877
250.88235726
250.88733973
250.24886267
250.22639689
250.24882314
250.24177284
250.88894796
250.22869998
250.22723946
250.24134692
250.24876832
250.89445406
250.88372501
250.23731567
250.24557138
250.23223663
250.88424462
250.87270722
250.23575102
250.23028914
250.22613167
250.87525289
250.89414408
250.23480462
250.23360263
250.24102353
250.22556375
250.89254144
250.89100326
250.22946935
250.24859074
250.24550666
250.87827058
250.89207389
250.23822114
250.23697266
250.24662555
250.8733447
250.89004122
250.22853624
250.24175242
250.23054707
250.24804087
250.88478775
250.89332208
250.23862645
250.22558159
250.23675645
250.87927839
250.88315797
250.23083407
250.24814435
250.23997481
250.87402226
250.89171672
250.24823791
250.22833431
250.23669157
250.24404718
250.87336304
250.23302623
250.22749702
250.23553667
250.23289586
250.87541414
250.88145988
250.23688959
250.24128613
250.2376055
250.87250868
250.89169333
250.24335674
250.2320571
250.23469667
250.89116051
250.88304136
250.89326776
223.00826582
152.32425257
112.33565446
83.32041525
80.99074212
90.50471252
110.21297014
135.91212966
172.96825268
190.08664053
187.77430795
219.16798504
250.22968413
250.88241971
250.87455756
250.232542
250.22844489
250.23862102
250.88546566
250.8775739
250.22930508
250.23378047
250.23996568
250.88010771
250.87923712
250.23927333
250.22767045
250.24520255
250.23058928
250.89195998
250.24256004
250.24546236
250.22573804
250.22774177
250.87522598
250.87985022
250.23262633
250.22523917
250.244781
250.88549946
250.87573948
250.24939839
250.22679263
250.23552079
250.88076367
250.87289459
250.22983912
250.24535042
250.2385843
250.22995142
250.87517952
250.89118306
250.22860771
250.23696252
250.23012332
250.87579763
251.5322523
250.89217166
250.89241203
250.87737332
251.52348056
251.53880631
250.874903
250.87936999
250.88778378
250.87479556
251.53166414
251.53475825
250.88539112
250.87543844
250.88144323
251.52988523
251.51820555
250.88039006
250.87653999
250.89411262
251.52026888
251.5381255
250.87902056
250.87239974
250.88842486
250.8760442
251.53543484
250.87905809
250.88948218
250.8852452
250.87026839
251.51827388
251.5334764
250.87281021
250.88308695
250.89218769
251.53545145
251.53876205
250.88510453
250.87179667
250.89386662
251.52118708
250.88248317
241.80686012
152.28591359
81.35082166
72.00403229
84.51052271
113.80368221
124.75083592
122.81348996
111.33216472
119.15523458
172.62959312
189.06331425
196.30297273
240.64822238
251.53726109
251.52117777
250.87337697
250.89123606
250.87977285
251.519644
251.53727871
250.87947776
250.8774913
250.87387857
251.53719928
251.51626919
250.88992035
250.89028594
250.878353
250.87100497
251.51719228
250.8875973
250.89374256
250.88776028
250.87209042
251.53076827
251.52405961
250.87174628
250.88600572
250.89287208
251.53339644
251.52855511
250.87675741
250.88292312
250.88839614
251.53472647
251.5327612
250.88705236
250.89197728
250.88528235
250.87373065
251.5330871
251.52036336
250.8806527
250.88106903
250.89150692
251.53292391
251.52941073
250.88639778
250.89401417
250.87609045
251.51659836
251.53074955
250.87610264
250.88700731
250.89448173
250.88141077
251.53385349
251.52684519
250.885362
250.88483823
250.87107457
251.52504262
251.52533056
250.88971493
250.88677769
250.89061523
251.52627274
251.53074048
250.87869801
250.87023828
250.89344468
250.88704358
251.53437557
250.88458881
250.88163909
250.88872824
250.89455517
251.52967135
251.52988721
250.88372416
250.88219697
250.88926317
251.52270948
251.52163937
250.87784593
250.87192375
250.87674645
251.53003537
251.52608184
184.15920785
83.95573247
73.34457321
77.9647702
111.10602778
123.80762893
122.75052315
123.38534794
124.44901342
110.31231325
118.72060098
180.40981465
188.42549275
216.78405505
250.83907272
251.52494366
250.88066187
250.87155648
250.88344412
251.53457509
251.53934444
250.87240366
250.87188333
250.88762537
251.53253093
251.51782097
250.88270172
250.89083204
250.88173941
250.87301291
251.52128949
250.87526028
250.88267692
250.88497038
250.88019213
251.51903093
251.53853423
250.87548097
250.89188478
250.89365725
251.51574153
251.52084391
250.87169053
250.87470356
250.89298923
251.53574832
251.52326047
250.88432138
250.8934255
250.88808352
250.88763427
251.53247893
251.51674841
250.88735847
250.8855128
250.88128231
251.53561454
250.87285958
250.24209365
250.24827718
250.24826962
250.89446279
250.88068612
250.23681345
250.23033224
250.23787542
250.23946547
250.88876978
250.87868283
250.22590717
250.2441937
250.24669609
250.8736049
250.88854779
250.22985942
250.23483887
250.23124008
250.87780653
250.88982981
250.23048724
250.24114056
250.22954878
250.22702513
250.88254994
250.24385318
250.23648566
250.22649448
250.22993859
250.8790481
250.872603
250.24674737
250.22537046
250.24434442
250.88655958
250.88540131
250.2388542
250.22687719
250.24238978
251.53282659
236.66432183
107.65912463
72.65431321
73.91508626
92.07592485
123.39665494
134.68854458
127.90164939
122.11346098
122.74723506
122.77954621
98.70344337
140.68459462
189.73848328
192.93587229
241.67455272
250.87985677
250.24053123
250.22813867
250.23116266
250.88706057
250.89036907
250.23924532
250.23704368
250.24630053
250.88090853
250.88038197
250.23345548
250.24396152
250.22681089
250.24220508
250.89235154
250.24059461
250.22629499
250.23287967
250.23932575
250.88678662
250.88973884
250.23542625
250.22996758
250.23440734
250.88327281
250.88209765
250.22916217
250.23704219
250.24012887
250.89218976
250.89350048
250.22619823
250.23496988
250.24110764
250.24903695
250.87574343
250.87770187
250.23024525
250.24844375
250.23115845
250.88841277
250.89098159
250.24420946
250.22819905
250.24636059
250.8734473
250.87210815
250.23272047
250.23583509
250.23372181
250.24742312
250.8835415
250.88020808
250.24588551
250.23372306
250.22633654
250.87529038
250.88653128
250.23654698
250.24177424
250.22646866
250.8854344
250.87976434
250.23244735
250.23405178
250.23353356
250.22549079
250.88989321
250.22657673
250.22588139
250.23527574
250.23619661
250.8779885
250.88490239
250.24010073
250.24310503
250.23797255
250.87013889
250.88621043
250.2393333
250.22743546
249.59003987
251.52866871
172.45555959
72.61320096
74.93257398
77.72807374
116.99099359
175.40545026
194.36313074
188.5427569
147.90292272
122.11341778
124.76567995
113.25528811
104.63733686
172.97432478
188.07974961
215.05298353
250.88774835
250.24926671
250.24498109
250.2307814
250.87742902
250.87038783
250.23093517
250.24731533
250.23880161
250.87253704
250.87504418
250.23460049
250.2336318
250.22599419
250.23698401
250.87972964
250.24702848
250.24399718
250.2370347
250.23791615
250.88368889
250.88782798
250.24933109
250.24766218
250.24427853
250.8715267
250.89187392
250.23152391
250.23770357
250.24090791
250.88432265
250.8714465
250.22903875
250.23851538
250.22530247
250.23803659
250.88750767
250.87548376
250.23961848
250.24138815
250.23624474
250.8815255
250.88776327
250.24304207
250.22935074
250.24657543
250.87902861
250.89085336
250.24032792
250.245756
250.22963502
250.23607258
250.87408189
250.88907296
250.22923481
250.24238475
250.24917049
250.8942361
250.8776279
250.24935622
250.23745747
250.22950097
250.88275001
250.87295959
250.23470468
250.23796276
250.24894642
250.24276356
250.89032179
250.24353421
250.22733106
250.24725086
250.22646108
250.88324273
250.88399018
250.24791098
250.22695796
250.24280356
250.87533943
250.87776579
250.24058564
249.58077792
250.88537219
233.70669491
103.7631303
72.65957327
74.588748
92.749719
164.36837374
215.64665186
216.93614645
217.56342276
196.29155056
136.95093776
121.45632027
125.40526099
98.73349426
138.11936103
188.1266995
193.91931215
239.27004451
250.23266168
250.23278883
250.23983383
250.87069608
250.88237375
250.22916886
250.23559264
250.24760662
250.88193664
250.89255254
250.23949865
250.23240617
250.23267797
250.24522204
250.87483812
250.24815348
250.22987291
250.23020778
250.23264789
250.88678695
250.87798862
250.2358394
250.23529898
250.2367754
250.89385854
250.87551307
250.24723885
250.23602511
250.23249993
250.88282101
250.88703614
250.23686564
250.22914676
250.24799823
250.24498301
250.87456419
250.87207693
250.23462324
250.23331819
250.24874777
250.89262854
250.8758786
250.24662198
250.24801322
250.23979015
250.87477578
250.89287805
250.23732968
250.23368633
250.23051596
250.24544912
250.873885
250.8706646
250.2361316
250.22838959
250.23273806
250.8780358
250.87208733
250.24476718
250.23800759
250.23969278
250.87619626
250.88062819
250.2424466
250.23844271
250.24265679
250.22769575
250.89421495
250.24733909
250.22943809
250.24626078
250.2381014
250.87081856
250.88550932
250.23164335
250.24787505
250.22923738
250.87471447
250.89400872
250.241763
248.95890973
251.53677435
168.48437717
74.23289182
74.27446991
77.68947173
128.6992643
198.60805664
214.98195596
211.13071966
210.47685302
214.99133798
169.18556536
123.3828083
123.41882126
115.64674067
102.65433406
171.69872292
189.06451531
214.69190563
249.2245387
250.22763918
250.24457547
250.88751005
250.8840395
250.23428866
250.23712553
250.23839091
250.88860456
250.87532201
250.24750086
250.22644504
250.23226866
250.23218678
250.88723328
250.23364212
250.24546252
250.22593664
250.23131041
250.88218119
250.88850805
250.2483958
250.24731632
250.23922011
250.89070046
250.88067119
250.23397842
250.22963163
250.23718977
250.88722766
250.88198791
250.2440269
250.23422186
250.23421651
250.24237983
250.87651594
250.87406132
250.24541273
250.24482897
250.2331316
250.88818939
251.53483063
250.89246994
250.89232908
250.88203808
251.52565301
251.51764307
250.8847712
250.88102389
250.87103018
250.88876344
251.51827612
251.52228778
250.8850983
250.88894564
250.87820903
251.52769364
251.52718433
250.87915457
250.8826143
250.88974407
251.51744339
251.52548342
250.88563079
250.88783496
250.87197921
250.87571616
251.51963882
250.87529559
250.87063049
250.89227599
250.88231441
251.52384737
251.53702499
250.88647154
250.88998875
250.88721086
251.51906158
251.51524115
250.24418648
251.53058837
225.85198501
105.99538217
70.36758878
74.23792755
93.7818292
168.8783337
214.35694776
213.0538015
213.05295191
212.41396273
213.71299962
203.37059982
134.99518223
120.81417052
123.7751655
100.78294821
135.21587768
188.7674895
194.19579334
238.24335946
250.88353603
250.89435754
251.53859304
251.51849348
250.88890719
250.88107865
250.87612356
251.52922372
251.52330373
250.89096705
250.88940402
250.87881147
250.8894802
251.53630931
250.88665945
250.88569616
250.87346479
250.88801007
251.53170941
251.53144501
250.89125074
250.87681045
250.88741451
251.52306901
251.53885261
250.87411529
250.89122882
250.87685423
251.5172757
251.51717568
250.87095869
250.8880201
250.87696943
250.87319288
251.52003499
251.52092823
250.88824383
250.87320781
250.87999343
251.526796
251.53337997
250.87242276
250.87643551
250.88866141
251.53722241
251.53588692
250.87601638
250.87660987
250.88755848
250.87219958
251.52844167
251.53931949
250.88409805
250.88063766
250.87764646
251.5302834
251.53372215
250.87149388
250.88406007
250.89185875
251.53285685
251.52300533
250.87544072
250.88936262
250.88002809
250.88621529
251.52198771
250.89228606
250.88052745
250.89017232
250.87903233
251.51671976
251.52874505
250.89064267
250.87152778
250.87530699
251.51527447
251.52276087
249.58354944
250.88993866
163.58021424
71.96289678
73.938961
78.76512094
130.64562236
200.22709254
215.63540979
213.06465969
213.05083313
212.40843671
213.05321215
215.63602238
170.47502496
122.74116266
124.40666884
115.61377606
99.5599956
177.14886594
188.72819625
212.31369432
250.88073078
250.87506368
251.51729292
251.53234557
250.8914145
250.89194446
250.88008287
251.53301725
251.53781496
250.8748839
250.89017727
250.87955864
250.87737437
251.51851764
250.88759495
250.89354608
250.88872378
250.87266166
251.5292861
251.51605825
250.87153198
250.87974321
250.8896631
251.52265266
251.53145699
250.87704114
250.88114192
250.88031406
251.52321239
251.5257485
250.88916645
250.88621199
250.88877558
250.87484117
251.51547264
251.53102208
250.88161001
250.87992325
250.89299762
251.52239305
250.87313098
250.23885821
250.2297192
250.22966944
250.88778157
250.89089712
250.22869192
250.24260404
250.23163944
250.23460545
250.88748847
250.87347423
250.2442973
250.24666105
250.22561747
250.87898279
250.87648117
250.23866945
250.23283206
250.23274851
250.88446691
250.87955078
250.22905948
250.23659909
250.23086854
250.24240047
250.89078983
250.24815238
250.2330567
250.23080394
250.2365371
250.88329949
250.87213212
250.24587381
250.23798321
250.2440205
250.88515086
250.23650796
250.88110273
222.95916727
102.00980856
72.99539286
74.58695746
96.77996164
168.24444528
215.96881217
211.76198256
212.41070689
212.41128806
211.77850402
211.77821784
214.98852813
203.3783601
136.93334355
122.45582586
124.41037534
99.53364795
131.69470233
189.74174569
190.88045261
236.93436776
250.24130524
250.89400231
250.88379312
250.23947692
250.24754892
250.23892833
250.87813149
250.88927031
250.24382429
250.23987543
250.22673181
250.23741368
250.88074373
250.22722348
250.22871837
250.23566373
250.23355704
250.88102024
250.88022808
250.24886916
250.22954678
250.24497985
250.88963848
250.87364387
250.22695977
250.24773205
250.22990187
250.87969849
250.87687156
250.22744452
250.23738473
250.2380932
250.23375622
250.88889844
250.89255526
250.22890322
250.23594805
250.24898357
250.88742561
250.89340588
250.23433569
250.23755862
250.2432587
250.88333226
250.87299863
250.2317737
250.22647234
250.2482959
250.24869163
250.89017078
250.87470475
250.22687768
250.24551599
250.23043644
250.8707376
250.88262523
250.24322413
250.23530762
250.24039286
250.8792547
250.89400069
250.23982276
250.22665366
250.2426484
250.23700118
250.88295388
250.24529041
250.24329561
250.24733469
250.2427724
250.88610779
250.882905
250.23607225
250.22513388
250.23940632
250.8763765
250.23569772
249.58673868
162.18613927
74.88734296
74.58048354
78.46084513
133.2992461
201.17850897
213.70008674
211.77665529
212.4256098
212.42022556
211.76176083
211.76427641
213.05164733
214.99556942
172.41887701
123.39458235
124.71192701
117.0199462
97.91357717
173.93654799
188.4286777
209.66827464
248.88174147
250.88493964
250.87341472
250.23763114
250.24949052
250.23332865
250.89021834
250.89017774
250.23452357
250.24430028
250.23255796
250.24649605
250.89417038
250.2483697
250.24044747
250.24281262
250.23344541
250.89447611
250.87272705
250.23364674
250.23997138
250.22756407
250.87773364
250.87986395
250.2269427
250.23182921
250.23585958
250.87029174
250.89384564
250.23067904
250.22827581
250.24200844
250.2400961
250.88702496
250.8792126
250.22865765
250.22754125
250.22538621
250.8937206
250.87801586
250.23077054
250.23792028
250.22884682
250.87954871
250.87195752
250.24687198
250.23381373
250.24924451
250.23899717
250.87140468
250.89133608
250.23772603
250.23415387
250.24701987
250.88702052
250.88101656
250.24772096
250.22829778
250.24454091
250.88410229
250.87524947
250.24268545
250.23974997
250.22519585
250.24490731
250.89123619
250.24259902
250.24462296
250.24010783
250.23679079
250.88918082
250.88496874
250.2251877
250.23374915
250.24541274
250.87660582
251.51582578
218.58957242
99.47362028
72.30799929
73.60341831
98.10876928
172.16113587
214.34187041
211.11795563
212.40946784
212.41211867
212.4144616
211.76054045
211.76413187
211.76788599
214.98555419
200.79860364
140.16250725
122.09780307
124.10800535
100.27122856
130.70119313
188.12422578
191.56127102
234.2052507
250.87069136
250.89352651
250.22527768
250.23096021
250.24614196
250.89437216
250.87865085
250.2325005
250.22564651
250.2279041
250.2352534
250.87011
250.23298659
250.22675323
250.24414238
250.22929469
250.87191941
250.88440159
250.24839773
250.2295293
250.24855797
250.89218951
250.88255491
250.24887843
250.23570022
250.23124288
250.88719614
250.88422855
250.24924928
250.22707808
250.23373487
250.24269659
250.8796083
250.88418096
250.2312996
250.23299359
250.23847569
250.88663447
250.87955211
250.23636024
250.22555135
250.23433143
250.87295233
250.88185644
250.24817559
250.23246942
250.24515289
250.23826901
250.89190636
250.88171566
250.24201271
250.22694214
250.23436071
250.87257602
250.88490931
250.23827293
250.24052094
250.23741982
250.87343421
250.89178094
250.24242833
250.23943327
250.22605162
250.23741104
250.89112934
250.24409946
250.22714774
250.22775372
250.24286117
250.87665835
250.87904309
250.23915287
250.24422985
250.24557022
250.87969376
251.19052003
157.92576525
74.21283148
75.56123186
77.81409106
130.79255896
205.69574287
213.70966174
211.76294316
212.41842688
212.40252851
212.41014292
211.75836188
211.76703019
212.40564439
212.40723362
215.00462442
173.7119159
124.03471213
124.72712678
116.07903963
102.1718399
169.40199107
188.37790219
208.62764651
249.52821357
250.89280686
250.24061045
250.2283557
250.23660429
250.87371424
250.89424584
250.22957474
250.23998547
250.24135462
250.24505832
250.89094567
250.22909069
250.23577893
250.23312695
250.23521089
250.88399173
250.8757169
250.23519915
250.24809018
250.24111098
250.88377825
250.88655549
250.23766186
250.23598981
250.22993442
250.87064204
250.88034295
250.23422474
250.24600736
250.22722916
250.22900496
250.89177193
250.88098543
250.24321347
250.23667344
250.23433384
250.88455444
251.53271992
250.89341501
250.87286994
250.88555351
251.53210287
251.52256489
250.87301588
250.87470797
250.87524925
250.87333565
251.53539093
251.52096496
250.88151541
250.88502155
250.88649893
251.53727448
251.53058466
250.89147726
250.89023507
250.87406479
251.52914104
251.52705825
250.87921509
250.89154017
250.88474538
250.88133291
251.51759039
250.87229711
250.87852648
250.89404714
250.87255283
251.53430978
251.53511764
250.89237582
250.87242672
250.89096462
251.51773291
223.11455477
92.90648228
73.32218407
74.59543706
97.86272298
175.67828409
214.67960742
212.42473755
212.42458835
213.04714161
213.06446499
213.06360564
212.41286055
212.40293259
213.06937025
213.06780778
214.34731941
202.74678252
142.74060654
121.15928386
124.40712538
100.33396595
129.44973103
188.15121411
189.53270096
235.8176425
251.53306901
250.87315232
250.87442387
250.89054305
251.52158202
251.51645424
250.88404676
250.88599465
250.88948599
250.88316054
251.53454374
250.88016852
250.89081612
250.87489885
250.88159463
251.52072189
251.51728825
250.87858892
250.87696934
250.88196036
251.51553242
251.51890574
250.87545982
250.88096533
250.87014108
251.5306247
251.52768832
250.87728827
250.88937986
250.87855952
250.87879161
251.52991466
251.52037518
250.89076699
250.87743402
250.87867431
251.52787068
251.53021637
250.87389845
250.88620299
250.88610046
251.53752838
251.52152429
250.87090347
250.89446748
250.87155618
250.89240701
251.52746444
251.52234689
250.87391509
250.87576963
250.8826181
251.52576581
251.52417638
250.89121398
250.88835094
250.8813857
251.53101024
251.53445642
250.88787679
250.89434022
250.88711511
250.88250201
251.53288937
250.88837475
250.87761413
250.8711381
250.87546725
251.53010911
251.53438959
250.891067
250.87040729
250.8721317
251.51653268
151.67836635
73.90888121
74.58151085
81.14860875
133.04572555
205.70462003
215.63879886
211.77440732
212.41371334
213.05148159
213.04766336
213.06236741
212.41059096
212.42089337
213.06115747
213.04876039
211.75810423
216.93107314
173.07244348
125.33025462
123.43872675
118.34048369
102.58449575
166.48032967
189.07922074
206.9019525
250.50858427
250.8742814
250.87693929
250.88270162
251.52752846
251.52367654
250.88644863
250.88031078
250.88596629
250.88547338
251.53027178
250.88668941
250.87092655
250.88635654
250.87188222
251.52368182
251.5208835
250.88010561
250.87283487
250.8702771
251.53257489
251.53378614
250.87562913
250.88374507
250.87966289
251.52425284
251.52971739
250.8745472
250.87670459
250.87379194
250.88317319
251.52332278
251.53528145
250.88186473
250.88699569
250.87118355
251.52473553
250.87299527
250.23240878
250.22555384
250.24292327
250.87680147
250.88641682
250.23367068
250.23829576
250.23316656
250.23068043
250.87854202
250.87263444
250.23201127
250.23051556
250.23963113
250.88034091
250.88652541
250.2295937
250.23392971
250.23044097
250.88946473
250.87568538
250.22599621
250.22609182
250.24701033
250.24280927
250.88181543
250.23269794
250.23904021
250.24454364
250.22499819
250.87987148
250.8806819
250.24813331
249.59057215
250.89009109
218.19263105
92.577302
72.3398383
74.27802151
100.48282211
176.357895
214.98906575
212.40380333
211.7745911
211.7613491
212.42005772
212.40562931
212.40695579
211.76296587
211.77275919
212.42416658
212.4073724
212.42505944
213.69640116
204.66435288
143.38765847
121.44864605
124.74722324
102.65392489
128.17493685
185.22621515
191.48264393
232.10872039
250.24273525
250.24437127
250.24246071
250.89144368
250.87431816
250.23197522
250.24011866
250.2396214
250.24936744
250.87089613
250.23753276
250.23846035
250.22677258
250.24154508
250.88905254
250.8862344
250.24168366
250.24686476
250.22656704
250.87832498
250.88674891
250.22501807
250.24941433
250.24571221
250.87386953
250.89248504
250.22744604
250.23559064
250.23167984
250.22540136
250.88358687
250.88071463
250.23761453
250.24228614
250.24506786
250.87621966
250.8815156
250.24199772
250.24116528
250.24683836
250.87327187
250.87294422
250.24464499
250.22876384
250.23474967
250.22801102
250.89288442
250.88662321
250.24055495
250.23494902
250.24114375
250.88171264
250.88827164
250.23504227
250.2447755
250.22999856
250.87135228
250.87551359
250.24892405
250.24349254
250.23331496
250.24195655
250.88839636
250.23290503
250.24381536
250.24266911
250.24926825
250.88540186
250.88795435
249.60414134
249.60406912
249.2021306
149.05730508
71.62800165
74.91533595
80.47193152
138.31492891
203.72239161
214.3477339
211.77587773
211.7641399
211.75645807
212.41640711
212.42055189
212.40480091
211.77703447
211.7594695
212.40162496
212.41921146
212.42459522
211.12422353
214.98399984
176.92794688
125.32069788
122.43955502
120.69546688
99.02142899
164.89484104
188.38826137
207.5302084
247.8588615
250.23186062
250.24716776
250.8878402
250.8729012
250.23710667
250.23439652
250.24148916
250.23965444
250.88361806
250.24920812
250.24001124
250.24498331
250.2370884
250.88301657
250.87157025
250.23552313
250.22930136
250.24244932
250.89371578
250.88441929
250.23360597
250.23180075
250.23094801
250.87117134
250.87897041
250.23480985
250.24403963
250.24926759
250.22755382
250.89263593
250.89190747
250.23275337
250.2360615
250.24461753
250.87283112
250.88927896
250.23793308
250.23919211
250.24151049
250.88835434
250.87955769
250.23278096
250.2367497
250.24404411
250.24343189
250.88445156
250.88138909
250.23445774
250.24847407
250.23331975
250.89183361
250.88338842
250.22990766
250.23563058
250.23306947
250.88521936
250.87986323
250.23207189
250.24921327
250.24625397
250.22585799
250.88310479
250.24881983
250.23638525
250.23442992
250.22886047
250.87909434
250.88830753
248.95067026
251.52941951
212.940493
94.16833073
71.71429161
74.5871809
103.49429378
176.31864103
215.63839509
211.76634749
211.7671618
211.77115065
211.76723789
212.41084844
212.41572026
212.42325594
211.76173297
211.76073176
212.41025718
212.40136574
212.42299996
211.77274178
213.06865411
207.89403349
142.73741768
120.80846402
125.0561125
105.01170443
124.64544688
188.46931466
190.80075059
230.43358282
250.22872266
250.24296936
250.87868681
250.88792292
250.24359693
250.23267621
250.22627718
250.24603075
250.87306748
250.24030941
250.24719302
250.24035876
250.23258716
250.8703658
250.88688834
250.24045917
250.24109436
250.22661931
250.88641899
250.87951415
250.22703751
250.22716645
250.23968553
250.89055348
250.89451236
250.24948928
250.22776499
250.23755539
250.23545136
250.88728654
250.88112448
250.2364738
250.22673604
250.23343303
250.87745831
250.89336413
250.24159116
250.2287903
250.22737864
250.87019784
250.87713657
250.24490648
250.24470223
250.2488066
250.24563597
250.87094403
250.88312079
250.23500156
250.22701839
250.22859115
250.89354158
250.88314114
250.22545982
250.22619354
250.24594002
250.88070017
250.89260726
250.22772202
250.23782072
250.23742043
250.23059445
250.87412474
250.24655177
250.23131756
250.23431458
250.24143164
250.88674721
250.87913576
249.58087987
248.27512827
147.66094099
71.96815393
74.23931947
82.54695315
138.5624381
206.34123448
213.70706594
212.41235528
211.77395894
211.7662359
211.76273996
212.42251287
212.41733571
212.420186
211.77085088
211.76567786
212.41546674
212.40603976
212.4018226
211.76726571
211.76747371
214.34316261
180.15002461
122.75034414
124.07013191
119.67623862
98.1705083
166.48286938
189.06168856
203.82994756
248.17800822
250.2303761
250.8894169
250.87194454
250.22725502
250.22856052
250.2477537
250.23738168
250.88649375
250.23413241
250.24667689
250.22986659
250.24437985
250.88408276
250.8791166
250.22994562
250.23543792
250.24798484
250.88555215
250.8787352
250.23231638
250.22551665
250.24058693
250.88776311
250.89373638
250.2401857
250.22548278
250.23519146
250.23252233
250.87922775
250.88018034
250.2446685
250.24218135
250.22761475
250.87455338
251.52367952
250.88342617
250.88290003
250.87980038
251.52804656
251.52029395
250.88441652
250.87681722
250.88535377
250.87892796
251.52644612
251.52793553
250.8774899
250.87779026
250.88989041
251.5335746
251.51793504
250.89454614
250.88711985
250.89331247
251.53346194
251.51747603
250.89213779
250.88915615
250.87138497
250.87432356
251.52969039
250.88713609
250.87520324
250.87689467
250.89299218
251.53367833
250.2493494
251.53678786
211.30578624
88.27846132
73.64190428
74.61557566
107.07730389
177.64924051
216.92261145
211.7779325
213.04929442
212.41662718
212.42247005
212.40610898
213.06808154
213.05879686
213.04771332
212.42380189
212.40521059
213.05388636
213.05927124
213.04923025
212.42495609
212.41332352
215.00147063
206.61606007
145.33744463
122.10884543
125.41258774
105.04219286
122.10454362
189.74906816
189.7947442
229.42355347
250.88363785
251.52498939
251.52527746
250.88076274
250.89021176
250.88192842
250.87268313
251.52776388
250.87490675
250.87153692
250.88603236
250.87297364
251.53747438
251.52569989
250.88656966
250.89248374
250.88373347
251.5291667
251.5236799
250.88114704
250.87581952
250.89277603
251.52574406
251.52482814
250.8885327
250.87852899
250.88242604
250.88300526
251.5279908
251.51657547
250.88515832
250.89033393
250.87912322
251.52308023
251.53878502
250.87055983
250.87382767
250.88042662
251.53380168
251.53027878
250.8798219
250.87192506
250.88490638
250.87050042
251.51628848
251.52673378
250.88933305
250.8931359
250.87230713
251.52239539
251.52408677
250.87619747
250.88290031
250.89307671
251.51548211
251.51633837
250.88098397
250.89314101
250.87697916
250.87919358
251.52112658
250.87202941
250.8938376
250.88353094
250.88428984
251.53872105
251.52817437
244.34647034
144.36809247
71.31816056
74.58075707
80.57921078
141.61531049
207.59286059
213.04642244
213.0656437
213.06725691
212.41901579
212.40203998
212.4169435
213.051308
213.05027807
213.06660267
212.41936806
212.40714473
213.06636218
213.06909286
213.04818705
212.40328596
212.42329708
212.41947978
216.28228605
181.45691351
124.67645826
123.09727313
120.43228468
96.84201265
164.56550061
188.71560117
203.48051502
247.80166151
251.53945444
251.51620507
250.88316731
250.87946321
250.8838641
250.87838175
251.52811878
250.8872682
250.88000583
250.87051074
250.88576515
251.51738448
251.51618067
250.88480026
250.8896144
250.87610855
251.53622767
251.53131422
250.87659963
250.87845898
250.87796177
251.52416474
251.52416543
250.87426372
250.88289133
250.88389096
250.89198034
251.53145258
251.5185699
250.88894417
250.87032158
250.88131837
251.53527742
250.8789403
250.24948451
250.23274785
250.24727653
250.88887788
250.8775077
250.24187034
250.23159713
250.22500851
250.23293074
250.89421786
250.87914567
250.23717511
250.24059691
250.24086483
250.87545216
250.88630976
250.22937697
250.23648619
250.2363735
250.87543363
250.88062635
250.23563975
250.23175049
250.23520919
250.22977432
250.88688945
250.23275798
250.23108915
250.24405983
250.23655192
250.88525234
251.52874392
205.65260711
90.90505011
74.27461342
73.64010821
106.22186822
182.8211567
215.00400981
211.77798617
212.41104728
212.41253465
211.76953173
211.77218821
211.77644462
212.42166309
212.40903868
212.41115944
211.77332622
211.78001577
212.40117529
212.40730121
212.41318565
211.76990326
211.76958747
211.76532323
214.34191286
206.5982529
148.55691079
121.45796318
124.4273237
104.81087718
120.75480766
187.52164801
189.83315795
227.03362967
250.87195972
250.87130293
250.24107552
250.22822428
250.23878703
250.24342816
250.87623173
250.24813108
250.23456763
250.24901674
250.24009762
250.87968091
250.88538887
250.24441297
250.24769505
250.24547501
250.87479875
250.89105711
250.2487351
250.23635134
250.2430142
250.87533455
250.87745072
250.24169572
250.24029347
250.24832555
250.24542048
250.87602193
250.87954474
250.24803162
250.24652559
250.23375451
250.89379195
250.88137448
250.24876008
250.2418584
250.23693659
250.88457325
250.88884148
250.24363273
250.24039442
250.23337726
250.22552007
250.89390437
250.87749792
250.23331397
250.23126174
250.24692315
250.88494554
250.8845569
250.22645757
250.24512427
250.24532177
250.873493
250.87962431
250.23986875
250.22805364
250.24462812
250.23193487
250.88154498
250.22840569
250.22790628
250.23589523
250.24867525
250.87782787
245.90805915
138.50653854
72.91782162
75.2361656
82.9263151
142.55293481
209.22347902
213.05163263
211.77486511
212.41851256
212.42087923
211.7570372
211.77600211
211.77560361
212.41378212
212.42547134
212.42284843
211.77807864
211.77249156
212.40195673
212.41912432
212.4125535
211.77744839
211.77715462
211.77623967
211.75842869
215.6489065
180.7951534
125.96176595
123.72557496
118.75946068
101.1673761
159.39732184
189.0670427
200.81877479
247.46388082
250.87092442
250.23972233
250.22850386
250.23109423
250.22737332
250.87239118
250.24386285
250.23799669
250.22804738
250.24451359
250.88967104
250.87206691
250.23235093
250.24775896
250.24617553
250.87272289
250.8882234
250.24154243
250.24939176
250.23945654
250.87229323
250.8740793
250.23350902
250.23037061
250.24030543
250.24225868
250.8890463
250.87623602
250.22517124
250.24076403
250.23545943
250.88840277
250.89286305
250.24921442
250.24106084
250.23231473
250.88477035
250.87397489
250.2375698
250.22608046
250.24341689
250.24226867
250.87657749
250.88270668
250.24260088
250.23396812
250.24735339
250.88468766
250.87874328
250.23086737
250.24660762
250.23550456
250.88097717
250.882227
250.24150065
250.23340986
250.24924281
250.2374271
250.88478038
250.24507244
250.24783896
250.24821442
250.22783648
251.52174381
206.64727623
85.29238668
74.61397239
74.9553946
105.61357943
185.39940533
214.99407752
211.77958864
211.75975988
212.41483984
212.40503499
211.76282744
211.77675249
211.75729823
212.41874721
212.42224509
212.42482213
211.76376757
211.75691599
212.40300005
212.40539367
212.40737504
211.778567
211.75768339
211.78033395
212.40974015
212.4127566
208.53357397
149.19063021
122.10980008
125.09574938
106.10569799
122.11865787
185.24221067
187.46664645
226.69846653
250.87441274
250.2439864
250.24019742
250.24593908
250.23888019
250.88076676
250.22928027
250.23919759
250.22792821
250.2362639
250.87544842
250.88088879
250.23180791
250.23653241
250.23514123
250.87739069
250.88744339
250.2324817
250.24234721
250.23912786
250.87239938
250.88622103
250.2437325
250.225513
250.23920736
250.23477666
250.89013813
250.8868395
250.24029444
250.22562327
250.24947755
250.87879894
251.51677813
250.88524854
250.89183422
250.87265982
251.53738625
251.5286087
250.89246276
250.87519313
250.88277261
250.87836719
251.53374822
251.5284589
250.87678658
250.88656014
250.87087222
251.52515241
251.51828971
250.87417173
250.87254651
250.89440591
251.5234186
251.51609433
250.87144996
250.87867251
250.88914998
250.87606841
251.52887525
250.89261312
250.87058845
250.23423535
250.88803152
249.80947643
132.56623375
71.96814444
74.24952251
84.59086043
145.18468964
207.93245105
214.3376582
211.76396754
212.41736085
213.07061537
213.06960222
212.41167231
212.41167839
212.40138757
213.05729669
213.0659824
213.05142954
212.41958161
212.4187726
213.04725504
213.05840116
213.06746788
212.41719493
212.40998767
212.41365315
213.06542365
211.77966286
216.29289305
181.44775376
129.20679762
122.44201265
121.41826979
96.6999555
159.40113975
189.42043732
200.05684172
247.76290703
250.88254874
250.89040768
250.88584955
250.87093164
251.53576402
250.89307957
250.88905268
250.88088059
250.88851699
251.51535079
251.52310361
250.87019668
250.89314578
250.88334633
251.53771209
251.52320578
250.89030108
250.88657167
250.89280556
251.51794449
251.51864464
250.89235419
250.89269852
250.87136683
250.87627185
251.52699316
251.53231465
250.88540286
250.8901091
250.88868895
251.52939429
251.52321116
250.87595498
250.89013445
250.88638457
251.52439273
251.52382682
250.88909378
250.87824989
250.88532948
250.89053912
251.5242786
251.53928586
250.88381636
250.87399939
250.89370943
251.52250382
251.52491899
250.88212468
250.88236736
250.88926209
251.53906066
251.52385133
250.8897972
250.8705101
250.88909013
250.88579669
251.52827915
250.88602324
250.88758326
250.8728702
251.52995535
201.98385138
85.67302901
73.98297581
75.61701221
108.91328226
185.39663983
217.57665065
212.40266294
212.40996272
212.41804929
213.0678024
213.05274893
212.4026274
212.40779638
212.42291562
213.04924522
213.05423441
213.05859952
212.40855601
212.41976845
213.06113032
213.04824206
213.05455831
212.41073051
212.40242538
212.41754799
213.06809377
213.06850864
212.42459186
210.48233683
149.19581492
120.82483827
124.42007301
109.14044318
121.14198947
183.63842745
190.77045677
225.59851977
250.88445247
250.8795536
250.88432785
250.88881833
251.53695078
250.88127876
250.88779999
250.87613873
250.87786281
251.53616379
251.53403039
250.87217973
250.87856282
250.8937414
251.51934007
251.53851862
250.89300244
250.87697762
250.88070915
251.52661137
251.52333999
250.88471477
250.87325444
250.88671262
250.89344635
251.5234797
251.52156371
250.8877604
250.88532954
250.88042103
251.52080927
251.53470932
250.88260872
250.87614625
250.88166383
251.53491659
251.52166453
250.88780771
250.89360449
250.87719205
250.89090759
251.51603051
251.53213047
250.88264064
250.87558941
250.87982286
251.53407
251.53100141
250.89047709
250.87391137
250.89382366
251.53933089
251.53238817
250.88328589
250.87143156
250.89279856
250.88483366
251.53385451
250.88016465
250.24760683
250.24747583
242.58600973
133.54580255
70.66932231
74.93540824
85.91495271
149.42336929
207.58279137
214.34152398
212.41461957
212.41535055
212.41957433
213.05046622
213.05788261
212.40710316
212.42346836
212.40890483
213.05961683
213.05985668
213.07035541
212.42486379
212.40443617
213.06490294
213.06585782
213.04753449
212.42331028
212.41726805
212.41013163
213.04710449
213.05032821
212.40850802
215.00257869
186.62103473
127.91365165
122.10806739
122.41655163
99.00223869
156.51673914
188.09325633
201.70226013
244.40676121
250.89265031
250.87291753
250.87672702
251.52741128
250.879359
250.88158218
250.87984336
250.88824988
251.5192355
251.53671665
250.88178867
250.87846384
250.88454084
251.52508413
251.51737286
250.88358259
250.87901765
250.87929102
251.52536454
251.53187092
250.89200753
250.88013045
250.89219933
250.89384715
251.51521584
251.53697343
250.87911883
250.88929343
250.88152047
251.52722451
250.87724715
250.24864734
250.24488701
250.23078375
250.88495879
250.88153103
250.24035681
250.23948196
250.24595047
250.24734713
250.88358072
250.88415618
250.22951517
250.24664392
250.2416636
250.88756609
250.88319451
250.23895109
250.23010449
250.24050607
250.88152894
250.89371406
250.23342217
250.23316091
250.24168091
250.23694094
250.8798767
250.24393045
249.58143544
251.53791244
196.78910419
84.30163147
72.98061122
75.29575224
111.57405443
185.39188739
216.29005861
212.40722725
211.77347016
211.76225051
211.77812468
212.40208588
212.40952538
211.76082209
211.77559444
211.76205237
212.40638593
212.41181239
212.4225664
211.77591743
211.76298802
212.40768027
212.40294063
212.40938817
211.75790723
211.77639138
211.77849447
212.40330129
212.4172558
211.77750532
213.06687529
211.11264909
151.13460353
120.81888036
124.75341632
110.76340258
115.08356723
184.59291724
189.40164261
223.6036038
250.23744983
250.24374951
250.23517015
250.87277349
250.2466865
250.23733309
250.2292688
250.22614009
250.87148772
250.88605049
250.24291629
250.22569489
250.23649221
250.88244257
250.87533474
250.23812105
250.2284713
250.24741346
250.88904577
250.87052679
250.22555463
250.23809388
250.24345799
250.24739836
250.89012826
250.87472494
250.24766575
250.24125356
250.24287873
250.87683046
250.89350319
250.24432393
250.2463683
250.24485528
250.87526312
250.88296733
250.22806219
250.24405262
250.23260161
250.24027945
250.88891789
250.87239119
250.23834469
250.23596224
250.24160399
250.87811125
250.87789424
250.24759466
250.24934332
250.24520973
250.87185264
250.87272339
250.24899489
250.23558501
250.2431533
250.23688355
250.89027906
249.59929669
248.94448213
241.99659059
130.46704848
71.36433368
74.24861466
88.62918355
147.46050639
211.16811881
212.41396664
212.40650491
211.7676018
211.76418176
211.75625153
212.40581332
212.41984718
211.75698188
211.77599739
211.76267639
212.42528554
212.41006625
212.41907032
211.77823498
211.75737488
212.42086338
212.41266538
212.42364358
211.76304717
211.77911699
211.76125954
212.41551055
212.41172935
211.77152724
211.12252469
215.00137127
188.55232764
125.97995613
123.08087576
122.70507494
98.48835651
157.11536287
189.41032913
196.34584232
245.46023367
250.2396467
250.23809788
250.88356052
250.24206891
250.23546274
250.23397303
250.22921858
250.88864128
250.87685177
250.23234985
250.2476084
250.24457199
250.87755594
250.89046941
250.2365789
250.22818416
250.23670268
250.88786609
250.88354233
250.22787325
250.23083105
250.23175612
250.2407129
250.8761458
250.8927085
250.22908194
250.24549175
250.24780654
250.89344989
250.89136628
250.2257417
250.24502339
250.23511387
250.8708101
250.88684415
250.24663733
250.24187702
250.24794487
250.23131022
250.87397213
250.87015854
250.22962014
250.24355325
250.24264328
250.88490463
250.8910925
250.23057391
250.22560699
250.24359488
250.8745153
250.88068763
250.22609292
250.24094222
250.23722755
250.23785267
250.89262123
249.58330138
250.88984298
195.72136144
81.07644904
74.6146333
75.99282284
113.84103506
186.39126261
215.6432065
212.41349034
212.40597385
211.76832361
211.77538115
211.76008183
212.41421095
212.40169235
211.7745515
211.76248082
211.76269573
212.42368893
212.41289699
212.41460198
211.76017149
211.75875649
212.40555198
212.42293727
212.42439942
211.77274657
211.76041435
211.77399641
212.42352663
212.40614064
211.77206789
211.11976116
213.70044007
209.8399814
153.7104579
120.80743714
124.76848802
109.55026066
112.18405692
187.82513709
188.10943131
220.57073877
250.23670571
250.2416934
250.88804216
250.2439224
250.23495194
250.23697057
250.23425149
250.88879631
250.87456463
250.2347743
250.24115338
250.23364482
250.89247268
250.88391673
250.24281693
250.23562848
250.23324603
250.88233764
250.88733389
250.24588973
250.23171794
250.22714102
250.23067381
250.88395417
250.8851754
250.23338508
250.23591628
250.2494613
250.87160804
250.89369242
250.23849924
250.22536842
250.24582637
250.89065195
250.88483764
250.23045092
250.23952896
250.22965702
250.24932144
250.87751924
250.88187213
250.24679758
250.23654076
250.2366924
250.88426925
250.87227853
250.23600354
250.24640303
250.24447276
250.87512077
250.87886653
250.23508547
250.23139473
250.24477035
250.22498596
251.52678982
250.8761994
238.98034302
128.22440297
72.62104576
73.92958405
87.63375971
152.39541566
211.47425193
213.06670033
213.06715102
213.05368458
212.40709318
212.41071996
212.42302682
213.05325927
213.05708514
212.40975882
212.42553466
212.4209842
213.05426419
213.06105669
213.06321599
212.41922802
212.41046955
213.06085276
213.06446571
213.0552293
212.40449032
212.40802075
212.42149804
213.06468476
213.06984788
212.40693556
211.7571901
211.77499121
216.29540503
187.25976253
129.19844083
122.11142617
122.79698547
98.48368096
154.87898109
189.07770667
197.70654443
242.03582527
250.24786598
250.8924594
250.23861534
250.23513272
250.24691626
250.23360993
250.88663104
250.89194294
250.24814116
250.22599807
250.24645536
250.89365647
250.88602211
250.22676588
250.24847025
250.24823206
250.8798741
250.89265299
250.22539518
250.23363826
250.23899339
250.23072474
250.88039097
250.88033275
250.24326744
250.24359519
250.23783429
250.87686483
251.52529482
250.88631997
250.89395598
250.89259552
251.53752912
251.53172111
250.88270894
250.88592432
250.87031551
250.87393782
251.52871302
251.53956981
250.88150678
250.87738585
250.88467813
251.53820933
251.51530369
250.87665821
250.89284052
250.89197816
251.53542064
251.52378357
250.87378673
250.88308238
250.87539529
250.8750976
251.53606719
251.51998046
190.14467172
81.37629449
73.63857291
74.01157902
114.29254032
191.83616003
214.9901981
212.41161547
213.06525934
213.05092216
212.4136946
212.4133517
212.42415464
213.06692305
213.06596379
212.41938827
212.40591244
212.42151222
213.04988581
213.06869107
213.04635042
212.41507254
212.41574472
213.06304263
213.06080152
213.06440919
212.41156059
212.40785271
212.42062648
213.06386561
213.04765246
212.40227358
212.42338693
212.42235991
214.34140008
210.46809801
156.28613286
120.81629842
124.41229611
109.95399286
114.08947162
182.01017752
188.41538679
220.83883522
250.89264943
251.52897976
250.87689909
250.89256561
250.87180394
250.87660206
251.52929198
251.52528374
250.87634858
250.87608139
250.87594606
251.53682327
251.5341435
250.87077989
250.88253183
250.8933868
251.51933474
251.52108123
250.87568232
250.87147296
250.88433348
250.89041039
251.52600535
251.52392251
250.88124585
250.88646031
250.87234636
251.5301484
250.88115453
250.22555144
250.24067738
250.24044041
250.88818682
250.88799339
250.2485703
250.24607805
250.23017379
250.22656379
250.88404553
250.89000303
250.23175056
250.2439166
250.24322825
250.88194881
250.8782541
250.24682875
250.22726831
250.23158625
250.89377742
250.87081149
250.23994447
250.23281844
250.23927479
250.23035677
251.52168143
240.25006519
120.07198871
73.6079061
74.55730784
88.72679174
153.34112449
212.10050945
213.06795823
212.41657299
212.40457492
212.41228697
211.77998405
211.77192828
211.75868321
212.41964381
212.40896542
211.75798115
211.76407664
211.77793632
212.41523658
212.4201536
212.41041843
211.7656968
211.78055018
212.41789157
212.41275269
212.40963452
211.7777205
211.76969106
211.7562884
212.40843783
212.40623828
211.7685669
211.76865229
211.76339788
212.41784087
216.92343956
188.55314149
131.12845873
123.72398505
121.76241688
98.93253135
150.37054453
189.76150698
195.31866556
242.73549245
250.8767725
250.24486522
250.24326423
250.23174585
250.23352781
250.87310779
250.87511234
250.23713371
250.23012795
250.23140764
250.88355906
250.87892759
250.24852743
250.23167597
250.23050797
250.8855976
250.88803913
250.22539667
250.24515687
250.24859904
250.24094016
250.89300845
250.871016
250.239958
250.23249274
250.23377379
250.87578129
250.89407327
250.24745237
250.23031788
250.23155008
250.88727481
250.87566553
250.22606818
250.22685746
250.23030087
250.24538653
250.88977707
250.88432533
250.2256099
250.24419819
250.24348582
250.88553106
250.88626657
250.231704
250.23888055
250.2440574
250.89387418
250.87350876
250.22800612
250.22580715
250.2325541
250.24805559
251.51517352
187.82380559
79.4126796
74.9225529
77.3581092
113.95110968
193.12794401
215.62853585
211.12611303
211.77232652
212.4094267
212.41600954
211.76439067
211.77699129
211.7562797
212.42301386
212.41194643
211.76757363
211.75782264
211.75987093
212.41239581
212.41731296
212.40354977
211.77378936
211.76656314
212.4201881
212.40541464
212.4255868
211.77662124
211.77673929
211.76762327
212.42316645
212.4106894
211.75927763
211.7799458
211.7733843
212.40217038
211.7608347
213.04712012
154.99108035
121.46376742
124.76870522
110.26767718
114.54141655
179.43913899
186.7817221
218.14541806
250.87405695
250.23031849
250.22917962
250.24925609
250.24171688
250.87702673
250.87595023
250.23971839
250.24805868
250.23696862
250.87813232
250.88350652
250.23599632
250.24827392
250.2291105
250.87672002
250.88931422
250.23192301
250.230081
250.24140494
250.2400857
250.87369012
250.88292206
250.24639371
250.24487279
250.22876666
250.87311155
250.87029491
250.2409253
250.24700357
250.24480182
250.89166994
250.88866627
250.23817827
250.22799882
250.24079254
250.24549773
250.88614611
250.8716629
250.23330288
250.24304266
250.23913192
250.88461442
250.89379259
250.23148773
250.2311096
250.23573223
250.89431134
250.8856407
250.23988966
250.237281
249.59660912
250.88327932
241.50997574
116.76529139
71.66813991
75.24135327
89.07207069
155.60338461
212.09810498
213.05762802
211.13490562
211.77275252
212.41026449
212.41682402
211.75858779
211.77949351
211.77909588
212.41972879
212.4080218
211.7760758
211.76743771
211.76817398
212.41365167
212.40854192
212.40399366
211.75825535
211.77402276
212.41884585
212.41640212
212.41799061
211.77546516
211.77927425
211.77357641
212.40564791
212.41642349
211.77208463
211.75753987
211.77394413
212.41547876
211.76602677
215.64621223
189.82983517
132.43500118
122.10575467
123.42481866
99.61723293
152.00384275
189.41226852
194.97685971
241.66745423
250.22531683
250.24514608
250.24741192
250.24809934
250.88448838
250.87950251
250.24728057
250.24231043
250.23659014
250.87971937
250.87474184
250.23809681
250.24159872
250.23325637
250.88643056
250.87019829
250.23650532
250.24613138
250.22935737
250.23215779
250.89070509
250.89156901
250.23362236
250.24883635
250.24192569
250.88662926
250.87338003
250.22901833
250.23430468
250.23698091
250.87042803
250.88516951
250.23282861
250.2397321
250.22511993
250.23621307
250.88893819
250.88360339
250.24481229
250.23714369
250.22810641
250.87665708
250.87643015
250.23850461
250.24357757
250.23003184
250.89024092
250.87016094
250.24569904
250.24074121
249.58682913
251.51856433
183.50731782
78.45196936
73.9866781
75.68050855
120.55001455
190.21329218
215.63977735
211.76725346
211.77738588
211.77053513
212.76390974
213.436501
212.1044883
211.76764605
211.76794816
212.41647181
212.41891811
211.77504777
211.77543616
211.76736904
212.40846033
212.40571316
212.40504731
211.76208867
211.77918478
212.40493351
212.40152598
212.41202054
211.76905503
211.76278244
211.7797458
212.42065983
212.41643212
211.75785387
211.75944968
212.44863014
213.42867931
212.42031786
212.41040954
211.76479098
158.23075863
122.74674794
123.43313749
114.620759
110.9424369
179.77928982
188.08380117
217.4401101
250.2389164
250.24852668
250.23096091
250.23734992
250.87646384
250.88775388
250.24730901
250.23713415
250.22552965
250.88148984
250.87444723
250.23085337
250.23809075
250.24408329
250.88925756
250.87375396
250.22775065
250.23005322
250.23359626
250.24083315
250.87163894
250.87366732
250.23607344
250.24412998
250.23118781
250.88459546
251.51837745
250.88585386
250.88814383
250.8855436
251.52631254
251.52628329
250.88066826
250.88551775
250.88111781
250.87243556
251.51882789
251.52967814
250.87585435
250.88200631
250.87805829
251.53184083
251.53482264
250.87303229
250.88488858
250.88470092
251.52517426
251.5306788
250.88187115
250.88394132
251.52989684
235.93960607
119.34506186
70.03715211
74.89547417
91.07226215
157.91762406
212.7574175
213.71015375
212.41037441
212.40829802
212.76189228
213.73792149
201.80662838
211.04627216
213.09175574
212.41905057
213.0554002
213.05607005
212.4205553
212.40700989
212.40298068
213.05830946
213.05912348
213.0637082
212.40851048
212.41309029
213.04819099
213.06684561
213.06766008
212.41611561
212.41749591
212.41556515
213.04754573
213.04766967
212.40369647
213.42565757
207.96646582
204.53174551
214.41921299
212.41945132
214.34348773
194.34863041
129.18996035
121.45287958
123.43153076
101.94368763
147.7850518
189.41909979
196.5719768
239.60744479
250.8881671
250.87785141
250.87995696
251.52927577
251.53013044
250.88167848
250.87242749
250.88472289
251.53314463
251.52062426
250.8759285
250.8846385
250.87964851
251.53381976
251.53331504
250.88826061
250.89262818
250.88179357
250.87089567
251.53695423
251.5170936
250.87721942
250.8783657
250.89361272
251.52188376
251.53796972
250.8775011
250.87365254
250.88924837
251.51686982
251.526565
250.89414125
250.88656388
250.87125658
250.88412849
251.52819541
251.52832553
250.87651554
250.88406122
250.8854294
251.53310663
251.52502226
250.89265593
250.87720704
250.88189027
251.51757776
251.53577869
250.87525415
249.58043001
251.53875564
181.54152465
75.84146989
74.27560985
79.02277836
122.14026927
193.1319633
216.28581141
213.05208082
212.40831477
212.41942249
214.11012303
193.59417804
149.90758156
181.34727469
213.08847517
212.76358215
213.07015865
213.06648663
212.41090951
212.41189116
212.40953408
213.05263855
213.04929499
213.06985524
212.41022211
212.41257464
213.06357138
213.04905877
213.04821208
212.41339774
212.40674071
212.41063431
213.05081761
213.05238307
213.44261112
210.37492175
168.04662471
154.68762269
203.15062997
214.13012344
213.06400931
212.41100893
161.4640703
120.16502915
124.7537125
113.9114682
108.15549467
181.67260921
188.72479958
215.39812396
250.88927803
250.87286932
250.88839281
251.52301171
251.53960807
250.89003315
250.87238888
250.87099869
251.52207056
251.52112723
250.89045026
250.88874594
250.87983523
251.52167687
251.53674812
250.88758745
250.87385421
250.88059334
250.88741581
251.5319309
251.53569983
250.8935939
250.88510234
250.88829814
251.52801153
251.53552803
250.88129813
250.88860639
250.8718608
251.53234272
251.52260619
250.87560048
250.88104094
250.88624093
250.87723951
251.52494126
251.53752919
250.87971658
250.87240966
250.88867772
251.519195
251.51942211
250.8832314
250.89124651
250.89155347
251.53613036
251.5288209
250.22842687
250.87250905
233.39753207
113.70906167
71.70393577
74.23381127
93.43330041
156.93689884
215.33781255
212.40610403
213.05245709
212.40707089
214.12337657
197.39810736
149.91774854
139.33197092
143.46812121
186.81039806
214.13064116
213.39965205
213.04680852
212.42450625
212.41028303
212.41913115
213.04946482
213.0500525
213.05332008
212.40359725
212.42151652
213.06510056
213.06603098
213.04664328
212.41773152
212.40123092
212.4066483
213.05271019
213.39146452
212.75977631
173.84083412
139.72349727
139.33612913
159.46519961
205.59759264
213.13512495
216.27652995
195.63990183
129.85502173
122.43999879
124.07555671
101.367314
144.58500915
189.76046618
192.56624039
240.30114701
250.88975303
250.8770011
251.53290465
251.53636653
250.88660519
250.88153907
250.87086872
251.52936402
251.52206475
250.87717307
250.8706328
250.8818384
251.52958335
251.53798763
250.89169895
250.88444252
250.88895542
250.87223188
251.52318222
251.53210666
250.8850371
250.88157428
250.88615251
251.51967144
250.88927123
250.2417976
250.23567871
250.24023463
250.88739539
250.8800179
250.24385632
250.2492167
250.24107889
250.23914201
250.88763432
250.88763889
250.24541268
250.23170621
250.2432918
250.8848285
250.8803366
250.24479636
250.24366811
250.23375107
250.87562581
250.89098567
249.58297632
249.59618371
178.16486697
76.18466696
74.28277194
77.72505705
123.81013318
194.07430884
215.00203039
211.76781111
212.40489998
213.48698806
202.88452828
151.69569376
138.69888505
138.68662392
138.04748535
144.17989878
192.98970327
214.12809754
212.41286826
211.77182262
211.76845764
211.77345443
212.41783346
212.41019171
211.77944943
209.83580129
209.83476323
210.48139182
210.47530384
210.47751173
209.83266046
209.83177679
209.84154956
210.81740716
211.84932339
178.08507718
137.82338293
136.110493
136.76510838
136.75102152
160.68798373
207.15140573
213.43629855
212.41238338
162.10498961
121.45066888
124.07430763
114.32258075
106.84160628
181.66539296
188.09068554
212.39682419
250.2454475
250.23616403
250.87271086
250.88483213
250.22774977
250.23238812
250.2352592
250.87860864
250.87098411
250.23611786
250.24555442
250.23920573
250.87252696
250.88301706
250.24480781
250.24919623
250.2388343
250.23821673
250.87070249
250.8801913
250.23693273
250.24116544
250.23882089
250.89141198
250.88034047
250.24055916
250.23623085
250.24119744
250.89169484
250.87671928
250.23344054
250.22728126
250.2399377
250.2492127
250.88915661
250.8915905
250.24144307
250.22663988
250.22590013
250.87633063
250.89206917
250.23537101
250.24397095
250.23015126
250.89419752
250.88703626
250.23161753
227.74486711
112.79249038
72.96458069
73.59738053
94.41913202
161.83801169
212.40671772
211.76491467
212.42040369
214.11777001
204.94732565
157.15743891
138.0441565
138.69742995
138.6816746
138.05392986
138.04455845
148.6274902
197.04542855
214.46926609
211.77986672
211.76056741
211.78024302
212.41008291
212.413035
213.05554114
216.92173898
216.92680343
217.58574975
217.57361151
217.57841468
216.9272032
216.93547642
217.26875821
219.61921491
190.26174545
146.96628154
143.21870359
143.20164993
143.84591335
143.84534527
143.20945901
173.9140503
211.70539144
216.66638371
193.71011204
133.708663
121.46419216
124.11807856
101.44308521
142.62757751
189.41783221
193.91881117
236.25418737
250.2405786
250.87814528
250.8710077
250.24940986
250.22823781
250.24710588
250.87087524
250.89267622
250.23658271
250.24761339
250.24894102
250.87492244
250.88633128
250.24332729
250.24322
250.23868075
250.24817015
250.88759149
250.88208693
250.22907902
250.22760711
250.23653861
250.87467582
250.88860261
250.24719076
250.24788526
250.23340641
250.87712944
250.8895005
250.24327944
250.24771426
250.24800476
250.24425415
250.8759896
250.88975663
250.23628142
250.23591106
250.23889988
250.89221089
250.88955148
250.24144862
250.23071424
250.22882671
250.87191553
250.88060224
251.19239586
174.25868228
78.75264156
74.28523618
78.07092498
124.23417206
197.94598771
213.702552
211.77805019
213.44240383
208.66172109
162.27477589
138.04734705
138.04782948
138.69512499
138.69771785
138.04435089
138.0443203
138.04130999
153.37792427
201.48742089
213.80591071
211.77060601
211.7752826
212.41566888
213.0545646
208.53100171
189.1894216
180.16000398
180.79833899
180.80491467
180.79504082
180.80364498
180.80987996
183.52369603
159.64439465
113.90231311
107.08684919
107.08170232
107.07609919
107.08875939
107.08710621
107.08058258
112.30694813
168.71618188
214.37575657
214.03425451
162.74337026
122.11276069
124.72101687
114.06199299
108.85173117
178.79514118
188.72219484
211.71849239
249.20802444
250.87684248
250.8778596
250.23350123
250.24158505
250.24283374
250.88691349
250.88023354
250.24793171
250.24888633
250.23942931
250.87869741
250.8804309
250.24642048
250.23940555
250.24306361
250.2249903
250.89332711
250.88538408
250.23676381
250.2483792
250.23866611
250.88493107
251.5358049
250.88210055
250.88574252
250.87414712
251.52039207
251.51569855
250.8895052
250.87098639
250.88415419
250.87714107
251.52715232
251.51996266
250.89447664
250.87181656
250.88713716
251.53367065
251.51759299
250.8840108
250.88282734
250.8706547
251.52889529
251.51539357
231.01535615
104.58612272
72.34343144
74.58152396
93.89657758
165.02504614
212.74922734
213.05141239
213.0875448
211.70102316
169.37475547
138.70112492
138.6842353
138.69978978
139.33791842
139.33952647
138.67882004
138.6859016
138.68466448
139.34204032
158.77914343
205.23455498
213.78304719
212.40372784
212.41436857
218.22776287
183.38661755
95.00957742
100.80674568
104.04074431
103.39123751
103.40784452
103.40194914
105.45420946
87.69813685
39.24145253
29.67626904
29.67002793
29.67886991
29.66661813
29.67878702
29.03971423
30.96058655
14.84246842
94.63920094
183.59995611
217.33584439
196.28954888
135.00460856
122.10850718
123.43183456
99.8820209
143.29724864
189.74170646
190.89920945
237.23980635
251.52067677
251.52492793
250.87438911
250.88341675
250.87330709
251.53136665
251.5256994
250.88505973
250.88660057
250.87171381
251.5310469
251.53417821
250.89292961
250.87827317
250.87186038
250.89262985
251.53405007
251.53283295
250.88881279
250.88990167
250.88891947
251.51556871
251.5340852
250.8812299
250.88083452
250.87759065
251.52447776
251.53746928
250.88454224
250.87116244
250.89312495
250.87591809
251.5391725
251.52339406
250.87263753
250.87921411
250.88975119
251.5246919
251.52990923
250.88055493
250.88076803
250.88344327
250.87936117
251.53010209
167.98418433
77.4207413
75.23347657
79.77141882
123.90190083
198.29402293
215.64680333
212.10341587
212.08003674
175.8520483
139.66741514
138.69139314
138.69645762
138.69289332
139.34416243
139.34416964
138.69915528
138.6904668
138.67992486
139.34417176
139.34492306
163.60061586
207.97897709
213.78682299
213.06451941
217.56975741
156.30093344
103.40513058
184.02738305
185.31640337
185.9707194
185.95466921
187.369256
173.71723034
125.90069921
112.25104215
112.23298944
111.60480963
111.59547136
112.25289343
112.23074782
110.96475481
117.40445192
47.08089774
58.06769727
141.8051503
188.11244588
217.64714415
162.75443552
124.0305054
124.41906959
115.35666478
107.97493711
176.17157966
188.37746561
210.27765894
251.53672891
251.53748643
250.87606752
250.88635111
250.89385848
251.51791895
251.52543512
250.87018072
250.88068106
250.894405
251.51796658
251.52477721
250.87195959
250.88645177
250.88700112
250.89011335
251.51987497
251.53606385
250.87353513
250.8891837
250.8721161
251.53248799
250.89091918
250.23277607
250.2310853
250.24391728
250.88034813
250.87837099
250.23160139
250.24694346
250.2415255
250.22857048
250.89046176
250.88461256
250.23975213
250.2375566
250.24327002
250.87953602
250.8888212
250.23201988
250.24045571
250.24684565
251.53842305
228.6499001
103.26725469
72.00650039
74.58358117
95.86997825
166.69631166
213.70563443
212.42368884
212.4596545
179.67898616
139.37459037
138.70087737
138.03658967
138.04328562
138.05808372
138.69157382
139.34225855
138.04209248
138.04921785
138.03710201
138.69372981
138.68266371
138.04610654
167.39465201
210.06567886
214.72956058
211.11479313
127.90105094
127.90171094
218.2111456
214.35273547
216.2756839
217.9963264
208.81450842
158.9896042
141.91948879
142.5673647
142.56052678
141.90525168
141.92366032
141.90585296
142.55465042
141.91784828
146.44319994
78.05003105
32.90256732
132.23655524
146.76969073
194.55803136
199.59839595
136.28783986
122.09896788
124.10828902
101.23377355
141.02079838
186.19568953
191.23651929
235.19264773
250.87487394
250.22773148
250.24727698
250.23029549
250.88803293
250.87071138
250.22827826
250.23779105
250.23555891
250.8813373
250.88252326
250.23597578
250.22872167
250.24593532
250.23422945
250.8767045
250.87724937
250.23154283
250.24895877
250.24740144
250.88726442
250.87592881
250.23982937
250.24558794
250.22909946
250.87354817
250.87514392
250.23857649
250.24560687
250.23237298
250.2285202
250.88849103
250.88003509
250.23423862
250.24236592
250.23313747
250.87504673
250.88258977
250.24762623
250.23522222
250.24620674
250.15976903
165.37716799
75.54544525
74.2725603
78.45284143
128.86226058
197.62650457
216.28376562
211.47298913
211.43621621
169.79411227
138.69408966
138.68730276
138.0380377
138.03514208
138.04978483
138.70174793
136.75445752
136.7668712
136.76451357
136.76124964
137.40339226
137.41192897
136.75841002
136.74676944
173.28003424
212.04672566
203.41815576
100.81698808
142.74282383
214.98222103
209.1866132
211.85498737
205.69198845
159.66505589
136.757265
137.3912507
137.41223686
137.39626062
136.74859371
136.75446075
136.7493719
137.40820867
136.75836706
141.26124975
96.11764145
19.98709498
118.69346724
143.6954654
183.78075359
214.72365115
166.62024613
123.3812174
123.09771682
118.99330671
107.28042592
173.62190634
187.74845106
209.62947915
248.49265583
250.22593451
250.23743553
250.22713962
250.87738882
250.89189681
250.23834729
250.23048396
250.24909043
250.89402748
250.87010999
250.23343698
250.22505072
250.24764881
250.23112012
250.87509011
250.88920313
250.22914635
250.24670082
250.2364918
250.88278172
250.89420097
250.229073
250.23393673
250.23256048
250.88009334
250.89000976
250.22687457
250.23355521
250.2468325
250.23488572
250.88770821
250.88385046
250.23503153
250.24645888
250.2369119
250.88475463
250.88005756
250.24719893
249.59780337
251.52114638
225.0218564
102.93868138
70.71975994
74.25255437
97.85797307
166.33998019
214.99585417
211.76366753
211.77662163
212.79493415
208.01277288
163.9512028
138.68247806
138.05341719
138.0450184
138.03549032
138.6898322
143.19498323
143.20610314
142.55514694
142.56944757
143.21000328
143.19791513
142.55087969
142.56273567
144.94722582
186.44877736
200.50761285
116.6368686
179.50408576
218.85222763
216.97651883
214.23986579
170.5581389
142.56135071
143.19741071
142.56209084
143.84399184
143.84334947
143.85253583
143.8575301
143.86078927
143.84587847
143.84000844
145.79220864
125.77918733
23.86432283
91.04195459
180.13314044
211.43440914
213.74742433
200.80188975
135.6475045
121.44653631
124.42227468
105.82695728
137.85320762
189.75844151
191.19628259
233.80843676
250.23425819
250.2268409
250.24290791
250.87660947
250.89342206
250.23526115
250.2274191
250.23685732
250.87154925
250.88869972
250.24117653
250.24826101
250.2285021
250.2323558
250.891126
250.89402248
250.22749201
250.23697545
250.23198197
250.88541687
250.88472621
250.2463423
250.23854121
250.22692867
250.88973853
250.87060504
250.24243615
250.22594197
250.2474761
250.23145214
250.87112363
250.87184454
250.24614673
250.22734283
250.23536082
250.88485114
250.87815461
250.24681442
250.23994593
251.51893757
164.30332821
73.89467549
73.93605323
81.78927277
128.81773831
199.900254
214.98669914
211.76171221
211.75890472
211.77370926
213.13155861
206.96057572
157.46152513
138.03682562
138.03987115
139.3346971
139.97551995
83.20889299
63.22580038
66.44101734
65.79015914
66.44437851
66.43335511
65.80418543
65.80184688
65.1587787
70.17130993
104.90002851
109.62420075
130.82559798
141.1497782
140.20166442
99.93783061
67.1257425
64.50098563
78.06062187
95.48218778
83.21846155
81.27972451
81.92562081
81.91234789
81.92877243
81.93444716
81.91724721
81.9263306
78.05721712
13.54376582
93.66269263
217.19467404
213.09785231
212.41713739
213.71322402
169.83759552
120.17163814
124.41494281
117.97606241
105.81581551
173.588641
188.73486913
207.53943592
249.20765418
250.22868206
250.24592928
250.88071598
250.88009961
250.22539667
250.23868623
250.24883055
250.8943789
250.87877209
250.23622532
250.22884307
250.24203048
250.24604818
250.8718438
250.87064954
250.23299216
250.23445822
250.23412971
250.88712819
251.51641815
250.8910979
250.87179105
250.88571774
251.51875048
251.52895444
250.87345421
250.88842874
250.89053531
250.89158634
251.51991063
251.5249929
250.87537966
250.8721168
250.87256301
251.53641305
251.52052689
250.2404769
251.53427134
224.69812902
98.0052053
72.67814555
74.91848261
102.12629858
166.68719535
216.27600484
213.05463365
213.05645685
212.41789189
212.41915519
212.41504445
214.76986202
203.84488967
153.01936762
138.70187043
141.27292802
124.49024755
18.70167955
25.14568574
38.05356137
36.12115283
36.76380549
36.77286934
36.75978381
36.1120622
36.1226696
36.11791399
43.86147058
94.84313988
113.51559157
110.56281405
76.39827564
37.14107025
36.78050092
30.96811864
12.2675745
52.90168327
14.82514513
4.51281626
5.17088043
5.15937257
5.158152
5.15214646
5.16972182
5.17275158
6.44396897
26.24744775
106.46852475
213.44158949
213.71351671
211.77230122
215.64268531
200.15024233
136.29564264
122.11347548
125.39197376
104.58142123
133.67013153
190.08229452
190.47170936
233.47083332
250.87083761
250.87413745
251.52213846
251.52335041
250.88976518
250.88110243
250.88651348
251.53349873
251.53378414
250.87046802
250.88669296
250.88134446
250.87058362
251.53716201
251.53776157
250.87735379
250.88489612
250.87035532
251.52446816
251.52214737
250.8897144
250.89351836
250.87940814
251.52956076
251.53284442
250.89271015
250.89321078
250.87577726
250.87970396
251.51876384
251.52721207
250.87965736
250.87683017
250.88797986
251.53771422
251.52222508
250.8729383
247.24460846
160.97759497
72.9634646
74.5767703
80.5097477
132.46034252
202.1273297
213.69818937
213.06694176
213.06601153
212.41956974
212.40117832
212.40264962
213.05919149
215.10026367
198.07701581
148.96674139
142.54920868
95.48133411
18.05793315
108.37861368
123.86441924
121.92539587
123.20952187
123.2152382
122.55962508
122.57393248
122.5665925
123.21250409
123.19797869
133.45175153
179.90508309
168.63320177
127.30125853
123.20051521
123.84547036
118.04012027
31.60331989
56.75561109
13.55617311
-0.01126438
0.01071515
-0.00581999
-0.00780659
-0.00450413
0.00203092
-0.01011193
21.85457583
66.89933739
78.96827654
149.82972548
213.04877578
213.05120427
213.05568725
215.64191932
171.134383
122.10526088
123.08291338
119.07573302
105.15351708
173.29000395
188.72828982
206.20704429
248.15986539
250.8765295
251.53131857
251.52510643
250.89173913
250.89283514
250.87891576
251.53398934
251.51983714
250.87291212
250.88645103
250.87914354
250.87279634
251.52496245
251.53908408
250.87579852
250.89433504
250.88128822
251.53678168
250.89258403
250.24059022
250.24144684
250.23298167
250.89210334
250.88807748
250.23604836
250.232804
250.23373184
250.23442872
250.87103197
250.8806919
250.2471195
250.23945851
250.24506123
250.88385844
250.89285212
250.8728359
217.42311804
99.02958736
72.98573631
73.95018366
102.20459836
171.85770986
215.00136631
213.0629904
213.70192469
213.7073186
213.05447436
213.04878964
213.04732665
213.71099095
213.69395074
215.10615215
194.61745345
151.31409395
68.37456768
30.95398871
137.4021017
145.787859
143.85333863
145.13095166
145.14568629
144.49642856
144.48871951
143.84378084
142.57183236
143.21851393
143.20544717
153.47470555
148.36815047
143.20193348
143.20750191
141.91413733
143.83981914
50.30446314
39.98498759
18.7088772
0.00014748
0.00849808
0.65430064
0.65095814
0.63648517
0.63359943
15.69843853
65.16112834
76.08444658
73.72868173
109.85837647
202.10434414
214.34206492
211.1253545
215.63223613
200.80600186
139.51520015
121.44656537
124.76428152
104.68707168
132.97522854
189.11040775
190.86097038
229.76446678
250.22729676
250.87623155
250.88760519
250.22563929
250.23971472
250.24570585
250.89270149
250.88923218
250.24710639
250.24511362
250.24484896
250.23512755
250.89054708
250.89181947
250.23726436
250.24869738
250.23669687
250.88890587
250.87565972
250.24413129
250.24048117
250.24920015
250.87982627
250.87964758
250.23075275
250.24321503
250.23434844
250.24656777
250.88963728
250.8756178
250.23931373
250.23401822
250.23331235
250.89342584
250.22986141
247.87557589
153.50903105
76.13739755
73.93274308
81.17553159
133.7974803
202.76683319
211.11455896
203.38559626
202.09870287
202.74803133
202.08514856
202.73308439
202.10189707
202.7333407
202.73160937
202.09880682
205.12944679
178.49355231
77.97146888
72.88867078
127.71986497
128.36374696
128.35819104
129.01663612
129.0182053
128.3738365
128.3636234
134.18234098
137.40433157
136.76154647
136.75632093
136.76535321
136.7572137
136.75953161
136.74841338
134.80921677
141.28288836
65.78677012
19.35983707
39.34271226
0.6567258
0.64153722
-0.00426836
-0.00633472
0.00128187
12.28571433
60.07194868
76.10728329
74.37952654
73.72355223
108.54723631
198.87903759
214.33970861
211.1183887
211.77859488
215.64797009
170.48361206
122.74196173
123.73960662
117.10544545
105.57018712
169.72044552
188.73194019
204.18997799
247.15491526
250.88148933
250.88835858
250.24307639
250.24039416
250.23218953
250.87280615
250.8876347
250.23219608
250.2491865
250.23199228
250.22710507
250.88183985
250.87132835
250.24402537
250.2256517
250.24506169
250.8704113
250.88032622
250.22703105
250.24571324
250.23193834
250.87607004
250.87750619
250.24037936
250.24248195
250.22796646
250.23796148
250.88510033
250.8878975
250.23838438
250.23102798
250.23774081
250.88620374
250.88576566
218.75811173
94.98969505
74.29119487
75.27354311
100.64465411
175.0624829
211.78033169
155.65712432
106.62396432
109.19437586
108.547416
107.91112797
108.56374489
107.90459971
108.55352099
108.54480127
107.9197721
108.89805761
109.62094725
71.47333776
31.0832503
34.83084813
34.82668685
34.19091321
34.8371023
34.83410654
36.11527569
30.97192729
73.54906491
136.11937248
142.55060582
141.91314177
141.26408794
141.26149867
141.90906534
141.91411356
141.28275209
147.0821753
89.02761828
15.47170754
61.27055899
2.57690999
0.63470434
-0.00454886
0.00022578
7.85181995
55.96294728
75.77848291
73.71466833
74.37954169
73.71360315
108.55225941
200.16270647
214.3367232
211.117102
211.77473542
213.70642885
203.39165009
138.86827207
122.75636355
124.10985381
104.38437169
134.01866522
188.80424928
187.80592092
229.76661037
250.88710426
250.87111416
250.23914638
250.24746612
250.23174649
250.89261805
250.88713887
250.23937143
250.22989928
250.2272049
250.24358409
250.87360648
250.88085646
250.24472835
250.23804715
250.24943048
250.88332558
251.51654659
250.8884947
250.87488129
250.87115177
251.52299164
251.5274817
250.87084536
250.89340926
250.88466469
250.88461713
251.52911651
251.51625217
250.88777636
250.87184721
250.24893219
250.8854954
250.16076838
147.88227253
72.96074929
74.24287787
82.892546
135.08372169
202.77145518
204.66326204
109.85056554
95.64460258
132.41467982
128.56544384
128.54406384
128.55996308
128.55427925
128.54246475
128.54858567
128.55037189
128.56034772
128.90562139
131.16865393
94.64596316
55.84349734
54.82525932
54.83690313
54.83603494
54.82368317
58.70954635
28.39230061
27.73608844
105.13483502
113.52935894
110.95988759
110.96181056
110.94307809
111.59061214
111.59513239
110.96296646
114.18114314
82.56207898
18.05509438
58.6930381
2.58467194
0.63886457
-0.00291782
5.46690971
50.16358019
75.43057588
73.73317781
73.73295162
74.35739422
73.72052236
109.2069636
200.79831654
214.98263325
211.78017834
213.06007991
212.40527907
215.64322923
171.12564678
125.96653615
123.08340475
119.06732239
103.7128036
170.37066664
188.42735525
202.45514801
248.46560398
251.53421265
250.88285664
250.88924167
250.89206993
251.53240945
251.53119501
250.88403399
250.88342387
250.8805767
250.88729351
251.53200823
251.52303661
250.87161792
250.87804516
250.87483976
251.53086648
251.52752848
250.87656456
250.891171
250.88924811
251.52137606
251.52995788
250.88184343
250.87753136
250.89050536
250.87386611
251.51710375
251.52482866
250.88978095
250.89134481
250.24071375
251.51827742
214.37951586
95.38717061
73.63288928
75.27012656
102.6559563
174.13526847
218.85482324
192.41606325
89.85206779
151.13706416
217.57690848
211.77841671
211.76624715
211.76179009
211.76046378
211.76324887
211.75730405
211.76053095
211.77299043
211.77103613
212.46039641
211.0768249
170.12640469
138.05583957
138.05076244
138.05591052
137.40727975
141.91294233
90.9633442
12.90591552
44.51897124
12.90440127
5.80352119
5.79401739
5.81124047
5.81515501
5.80477591
5.81235467
5.80224622
4.51289747
4.52434057
39.98994203
27.74074595
0.00536906
3.75183105
44.36133943
75.42679696
74.05758576
73.72568262
73.72095
74.37471722
73.72381421
109.19074866
200.81339718
214.99730135
211.77847606
213.04851437
213.06343122
213.0579809
205.32162086
141.46328525
122.1017241
124.10682207
107.08799289
133.02270567
187.81058523
190.13629271
228.31570855
251.52695946
250.88836965
250.883503
250.89068409
251.52468472
251.5378065
250.89271141
250.87728729
250.88615195
250.88173689
251.51817337
251.52748302
250.89128727
250.88131924
250.87241539
251.51891951
251.52665682
250.88608626
250.89375657
250.88031239
251.53271317
251.51590886
250.88861775
250.89422701
250.88870342
250.87060868
251.53281096
251.52484203
250.87221213
250.88388058
250.89129323
246.86514928
148.86374882
71.96835981
74.57401712
82.54317717
140.69679306
203.06986242
218.21449831
170.49369852
85.97963876
172.41126598
218.21030931
214.3441626
214.34574036
214.35451062
214.34831712
214.33865142
214.35526491
214.33743134
214.34496782
214.35524851
214.35683692
215.70337465
211.97137551
166.90462378
140.62886808
140.63719291
139.97764115
143.84965449
109.0055162
12.91049112
55.48628615
14.20222022
-0.01149438
-0.00249221
-0.00424764
-0.01057859
0.00291948
0.00472508
0.00015251
-0.01161421
0.00362201
19.34650369
64.51567933
14.84432137
39.59822446
75.04748931
74.3940544
73.7162037
73.72229281
73.72596287
74.35611262
73.72073195
109.19463775
200.81302615
214.98837892
211.77595416
213.05569592
213.0561247
212.41759382
213.70488018
176.93738537
124.68421288
123.07821516
120.42661172
102.08968752
166.82833809
188.73207092
203.77080843
246.40306101
250.87024118
250.88539615
250.870705
251.52380656
251.51824502
250.8749456
250.88092924
250.88854256
250.87905065
251.53504947
251.52263989
250.87171375
250.87302847
250.89236967
251.52917839
250.87860275
250.22703057
250.24779276
250.23808067
250.88566815
250.89299095
250.23634971
250.24349267
250.24479532
250.2391939
250.87488753
250.87440872
250.24864516
250.23658832
251.53789027
210.47505324
91.77875287
72.34631781
75.25753302
106.29531652
175.08617668
216.92725411
213.7036241
138.22972973
91.7922969
191.11904289
213.05476361
210.48626918
210.47525243
210.47258597
210.48657118
211.13247474
211.1255744
210.48567213
210.46613312
210.46675453
211.13444158
211.11724541
211.85293296
206.03344396
156.8857671
137.39592156
136.76780476
139.33304861
121.27188382
27.09577765
51.60977926
18.05322559
0.00810721
0.63821686
0.63351713
0.64241226
0.65249966
0.63959372
0.65396851
0.64261002
0.63518723
0.00315986
43.25729988
83.06915986
73.73080601
75.69627411
73.73102222
73.72062493
73.72653654
73.7300272
74.35921281
73.73295853
108.55848417
200.1571738
214.34302305
211.12674991
212.40691896
212.41052261
211.77736772
213.7155556
204.68100136
142.10672359
121.45079214
124.76852263
110.9973773
126.96053624
186.51445519
188.45001538
227.32288254
250.22896028
250.23642649
250.24279964
250.87254361
250.87343518
250.23262722
250.22948693
250.23830983
250.23080649
250.87186396
250.89448856
250.24004477
250.24852052
250.2290326
250.88319055
250.88098208
250.24146057
250.22882627
250.24817656
250.87664598
250.89053052
250.23386447
250.22529928
250.24748002
250.23721447
250.88529079
250.89450598
250.24305619
249.58469899
247.24377492
145.79927519
71.02820589
74.25338558
85.93570759
137.39905509
206.64575503
213.71539031
211.12011467
111.77432432
103.40324339
211.13309455
215.00301505
214.3570639
214.34322622
214.35236299
214.36083952
214.98428027
214.99287523
214.35397572
214.35700982
214.34485102
214.99255625
214.99531596
214.35031165
216.06714092
205.48467238
158.00664963
141.27550958
140.63388963
138.05073936
46.44310205
25.16995393
29.03234749
0.64435247
0.00687645
0.00332727
0.00541612
-0.00494315
-0.00804898
0.00664254
0.00476979
0.64211441
-0.00302358
65.10676629
121.6231532
76.03118544
75.64955854
74.36159651
74.36779165
74.36125243
73.71671459
74.37972737
73.71695278
109.19741517
200.1615464
214.33958427
211.11132954
212.42350109
212.41874839
211.76154923
211.77971804
214.35727296
178.86820872
122.75629134
123.72341093
120.05315443
104.81717803
166.48919966
189.39867733
199.73004954
246.47508723
250.23682857
250.2408845
250.89234629
250.88668156
250.22910732
250.24126311
250.2357083
250.24068145
250.88921979
250.88698761
250.22677929
250.24527833
250.22730703
250.87839399
250.87235038
250.2384798
250.24908188
250.23230278
250.88460495
250.89105825
250.23420779
250.24688697
250.24307199
250.23369992
250.870852
250.87911132
250.22915333
251.52231673
210.41731989
87.21960201
72.99901565
75.6489608
107.93241156
175.72828738
215.63889718
213.06915685
201.44072018
95.00806358
115.64722865
206.61881007
202.74018213
203.37975553
202.73741817
202.73849715
202.7485475
203.37434902
203.37208422
202.74473047
202.74653419
202.73609631
203.3886048
203.3708017
203.38556388
202.74924846
204.44998951
191.0996843
137.84320895
127.71961759
135.46128449
59.34880677
6.44054625
54.17431065
6.45966068
0.65355851
0.00037503
0.00898506
0.00416002
-0.00500652
-0.0106101
-0.00025233
0.65499922
18.77334395
105.0680609
123.45826818
73.71372588
73.71222613
73.72610154
73.72248324
73.71444594
73.71431542
74.36810817
73.71050347
107.91489759
200.1538533
214.35013623
211.13466614
212.41330535
212.42450632
211.77268759
211.11813685
214.33955845
204.66726438
144.67552699
120.81974901
124.75448555
108.44736769
124.41267269
190.08144247
188.4589741
224.64990713
250.23169123
250.24390099
250.87941573
250.87946117
250.24283487
250.23186728
250.24771948
250.23026356
250.87400252
250.8915205
250.24092463
250.23669876
250.23422445
250.88304869
250.89405815
250.24117928
250.22614459
250.2266112
250.87328074
250.88478325
250.23262621
250.23562479
250.23836898
250.23210478
250.88969528
250.87886043
249.58102051
245.19536067
143.17982532
71.96521403
73.93353112
85.53816446
143.66367779
206.31325944
213.0617272
216.29566113
176.93920817
84.69193173
94.36735954
127.26969018
124.67128392
124.69070273
124.68831949
124.69136366
124.69339997
124.67113176
124.68754505
124.67840999
124.6886177
124.69409582
124.67279564
124.68956039
125.33040905
124.68269315
127.06701029
102.16782915
55.06273263
50.31151116
55.47535823
27.10458384
3.85933204
67.09603259
4.52269805
0.01084198
-0.00799603
-0.00957519
-0.00649561
-0.01051344
0.00347937
-0.01137712
0.6388895
11.26150835
98.91569712
127.02542112
75.66633659
78.23673518
77.58832298
77.60129013
76.30040815
73.71681126
74.36723756
73.73355079
111.7797683
200.80667345
214.99674921
211.11188348
212.42155531
212.41854307
211.78055993
211.75904688
211.77414699
216.27740548
177.58191854
124.68050466
122.73792871
122.10143553
103.495591
165.19006842
189.07748028
200.40152121
243.74550901
250.22855052
250.87646692
250.87508718
250.23424929
250.22863585
250.23507113
250.22589981
250.89358792
250.87698121
250.23604146
250.22871306
250.23727537
250.883494
251.53447178
250.87656164
250.88058195
250.88407412
251.52388932
251.52927927
250.88424715
250.88728665
250.87366327
250.88274058
251.52961833
250.87576106
251.523614
203.50339514
88.84822713
72.99547402
74.95755375
109.32721972
180.88400201
213.71064086
213.05239659
217.57516494
139.51042108
76.93702947
73.7276499
73.72872735
73.71752724
73.73085639
73.72012423
73.71466066
73.72912802
73.73306831
73.7250722
73.73007049
73.72844624
73.72522279
73.72135283
73.72980279
73.71112029
76.45584227
54.60033789
7.86017352
-0.0048747
-0.00793968
-0.0097311
-0.00108722
2.57178414
47.74568578
36.12355582
0.00311926
-0.00640629
0.00238911
0.00665825
0.00901212
0.00754349
0.00567155
0.645163
-0.00935777
54.48409944
164.14110953
158.34370179
158.87105083
158.22358692
161.45598941
131.13192372
78.88388033
73.72187908
88.56214072
172.4263588
208.53426866
213.7107668
212.41042562
213.04957207
213.06824668
212.41477517
212.41447911
211.77328195
214.36087038
206.5977969
146.60720725
120.82274333
124.76510886
109.54471354
125.66143843
186.87491445
189.74777355
223.24634334
250.88587852
251.51586982
251.53600493
250.87682474
250.88942293
250.88833428
250.89098226
251.51636737
251.5357338
250.88836872
250.88787297
250.88062954
251.51722196
250.88270429
250.24057613
250.24213497
250.23371954
250.89193117
250.88731468
250.23337377
250.24015302
250.24703378
250.24725534
250.87982737
250.87387201
244.88153021
136.01284607
74.24006091
74.24127584
86.65400634
144.57294878
206.63343624
214.3608
214.34478566
169.84735845
87.9042981
73.71116655
73.72509218
74.36111944
74.3633614
74.35882266
74.3783874
74.3677344
74.37121502
74.36699074
74.36851515
74.37910759
74.36297562
74.36058574
74.37076715
74.37044861
76.41089461
60.70516105
11.90759074
0.64855605
0.63885937
0.63994375
0.63476146
0.64151577
-0.00800067
10.32654161
52.89497182
25.8032543
0.64998008
0.63302299
-0.00248314
0.00057928
-0.00836243
0.0053814
0.63995627
0.00152805
37.42615682
157.61568738
216.62836923
220.54353927
220.15899056
224.65816117
173.05187123
83.40939866
73.73109482
105.96679989
218.85380654
213.69725974
211.7679759
212.40946199
213.06408757
213.04929774
212.40742692
212.4196913
212.41062163
212.41970657
216.92256178
178.87274068
126.61986871
123.72466186
120.42286762
102.6565572
162.61069517
189.41514313
198.04456117
244.10110322
250.87437031
250.88665882
250.23130324
250.24562426
250.23568386
250.22800006
250.88341589
250.87193489
250.23458326
250.23024097
250.24439141
250.88321351
250.89111855
250.23158142
250.24661483
250.24290976
250.87622024
250.87992186
250.24931516
250.22940473
250.23018281
250.24344812
250.88818941
251.52159426
199.93150889
87.48060375
73.98660892
77.313588
108.04360897
183.45047118
215.6272539
212.41831809
209.84306194
121.44717878
73.7228519
75.01566164
73.71311314
73.71482486
73.72249344
73.72528649
73.73054698
73.71411232
73.72516163
73.72649703
73.72652095
73.71606475
73.71920569
73.73303199
73.72259491
75.42159462
63.48328027
15.7020084
-0.01021007
-0.01087907
0.00659115
-0.00317654
-0.01158592
0.00923528
0.00553405
0.01169946
31.61634232
49.67448943
1.29752845
0.64985076
0.00793533
0.0093934
0.00276344
-0.00501933
0.63969176
-0.00039952
37.42268285
131.59089821
166.64078732
208.01127108
212.78417146
216.92991721
165.95786037
79.52178514
73.72826868
99.5296902
211.75705147
213.05516889
211.76637423
211.75880489
212.41763772
212.42201823
211.77055052
211.77657761
211.77814647
211.75706544
213.05191627
209.8374273
144.69260891
121.463503
124.76678901
107.58321317
126.11254358
184.58587492
187.13370773
221.22612389
250.87496862
250.8818742
250.2275729
250.23885899
250.24829352
250.23627394
250.89197938
250.89308004
250.23165163
250.24602909
250.22926445
250.87557863
250.8768543
250.2324581
250.24255223
250.23196164
250.8719103
250.88873985
250.24364341
250.24280124
250.23194574
250.24303907
250.24536889
246.49106841
132.03497919
74.25188323
74.89969015
86.38553047
146.87640619
206.9494218
213.7098234
213.06087843
206.60983826
120.17964253
73.71491828
75.00906448
73.71445621
73.73389028
73.73183212
73.73399755
73.73012088
73.72047592
73.72323754
73.71373582
73.72640311
73.71905349
73.71053821
73.73432424
75.08648763
68.26267203
19.80766103
-0.0088114
-0.01032312
-0.01163225
0.01196352
-0.00569626
0.009733
-0.00978379
0.0028171
0.00248217
29.67234186
49.67498736
1.27807533
0.63682882
0.00494363
0.00364325
0.00346145
0.00671998
0.64993876
-0.00718302
37.41461575
131.59995867
140.32136104
170.48104301
210.7420804
216.67051389
180.81184227
120.82256302
110.49793707
134.37095428
212.41357631
213.05495255
211.77001079
211.76804938
212.42489977
212.40303615
211.77618214
211.75958316
211.77143306
211.75746541
212.40368048
215.63113221
180.80454972
127.27578371
122.75147261
122.10616115
101.40679951
163.26435422
189.41354651
196.64404045
244.05084772
250.89088893
250.24335185
250.22942994
250.23093024
250.23390357
250.87642733
250.87562977
250.22994714
250.24627222
250.22822306
250.88239422
250.88530864
250.23020214
250.23406772
250.2301991
250.87522607
250.89411224
250.24003459
250.24053029
250.22602134
249.58063009
251.53025504
197.84558241
86.57744467
73.64762812
75.65556254
112.65993829
181.17449416
216.29377641
211.12825193
213.71404392
207.89151184
120.8236763
73.72180178
75.0241391
73.72238411
73.72837541
73.72428402
73.73349713
73.71358005
73.71370614
73.73405881
73.71857195
73.72547344
73.72530308
73.72473795
74.73688138
70.98115558
25.25404629
0.01129944
-0.00775663
-0.00598771
-0.01184537
0.00702564
0.01155728
-0.01069339
4.72598608e-05
-0.00776454
-0.00252054
30.32232964
49.02714362
1.30175428
1.28144231
0.63595469
0.65081997
0.00673122
0.00098395
0.65235747
0.00173468
38.06003116
131.60092443
139.98080797
137.41169496
177.59002459
213.39548472
207.94706993
196.93754919
194.35892365
199.50461842
212.41629486
211.77444005
211.76670336
211.76074581
212.40202756
212.4255458
211.75766644
211.76884736
211.76434617
211.76240946
212.42441759
212.41281821
207.89936311
148.55174688
122.10444919
123.76843981
112.24565682
122.82403342
184.2844876
187.48372651
220.15642738
250.54741155
250.24579715
250.23845108
250.24406002
250.23336338
250.88808851
250.87031083
250.23570203
250.24041716
250.236417
250.87682519
251.53955152
250.89421841
250.88346732
250.89312072
251.53396128
251.51991044
250.88138169
250.88367661
250.22861832
250.87226102
242.15391813
133.018431
71.32408384
74.25250394
87.70527685
147.55571764
208.87824067
213.70230265
211.77912464
214.35313922
207.89225797
120.16060224
73.71171252
75.02316716
73.71752144
73.71728567
73.72600973
73.72509698
73.71033534
73.71062713
73.71537319
73.71365853
73.71363029
73.72809282
74.7561008
72.34590253
31.39346771
0.00761413
0.01053954
-0.00087223
-0.00814199
0.00022904
0.00651139
0.00848432
0.00904931
-0.00053162
0.00083421
0.00645716
30.32571371
49.65902795
1.2891622
0.63337987
-0.00815644
-0.00736254
0.00175568
-0.00579961
0.65559586
-0.007015
37.42163011
132.23401985
140.63612661
138.04485052
141.73222224
184.04411569
214.38923011
215.33281771
215.64894411
215.64984269
213.05168765
212.41268458
212.40888851
212.4137574
213.06950426
213.05809464
212.41976925
212.40468292
212.41084992
212.40997331
213.06937212
212.41214616
214.98694374
185.32085073
126.61654756
123.09907441
122.45272965
105.3366587
159.38365356
189.07887291
198.32891401
242.30149149
250.87373218
250.8742213
250.89402951
250.88386418
251.53588771
251.53257513
250.88513447
250.88964465
250.87034341
251.52499016
251.53963192
250.87737439
250.88397793
250.88331243
251.52854381
251.52483963
250.89106013
250.8740881
249.58865202
251.53127511
196.83094906
82.31855057
73.63871287
77.34852549
114.28843026
183.7753181
216.28313734
213.06220065
211.77398171
214.35405593
207.88628393
120.17567471
73.718767
75.02315184
73.73269065
73.72160155
73.72347532
73.71148261
73.73369021
73.73071633
73.72154086
73.72133612
73.73285363
74.06103737
74.39706238
36.52821771
1.36113152
0.00882863
0.00103931
0.00537742
-0.00212148
-0.00299202
0.01079873
-0.00357898
-0.00509139
0.00406539
-0.00043025
-0.00507875
30.32560766
49.03487313
0.00162905
0.00196007
0.00495932
0.00063232
-0.01099628
-0.00856434
0.65547898
0.00616548
36.7741957
132.24161027
140.62413407
138.05027304
139.32990604
144.78716921
187.84633181
213.46919897
211.77018609
212.42256401
213.0578729
212.4171722
212.41882096
212.4141493
213.0696145
213.04771724
212.41797406
212.40577948
212.4151535
212.40564712
213.05535345
213.06135273
213.70402891
208.54324414
151.77276941
120.80569548
124.40675152
111.90873406
118.40931633
185.23683331
188.08420296
219.4465861
250.88482592
250.89385919
250.88242791
250.88985967
251.53323799
251.51656726
250.88180902
250.88318389
250.89106968
251.53494863
251.53347856
250.87739527
250.88166281
250.87945432
251.53507414
251.5339788
250.87062046
250.87237337
250.23685648
241.91917183
126.37243047
70.71766252
73.89630364
90.70479754
146.56754001
212.75683472
213.69767928
212.42260822
211.77155006
214.3489421
207.89936619
120.16956661
73.7223011
75.01987858
73.72899098
73.73473121
73.71224184
73.72451788
73.73394284
73.72497202
73.72494733
73.71945204
74.07081502
75.42251312
43.33451366
2.05563887
0.00150781
0.00233176
0.00960271
0.01190672
-0.01054835
-0.00690769
-0.00728661
-0.01018258
-0.00300152
0.0056298
-0.00629724
-0.0047619
32.25876452
98.19495998
57.3930035
49.67909783
49.02889314
49.0288348
22.58576371
-0.01120471
-0.00285996
10.32470936
72.2438281
134.18425975
139.3424162
138.68412418
139.32627713
139.33805527
145.17284709
194.66540331
214.11842791
213.06455811
213.06902103
212.41532968
212.40731446
212.41754664
213.05834932
213.05557097
212.4072619
212.41017525
212.425424
212.41092102
213.04690063
213.06367707
211.75941589
216.93519077
186.60212217
124.67461615
123.09940233
123.08932343
106.07026977
154.86746827
189.41309979
195.26069099
243.38189386
250.8876174
250.88427662
250.88765663
251.53115213
251.53314189
250.88744916
250.89331872
250.87664497
251.53455651
250.8801471
250.2388008
250.23517195
250.23686378
250.88526246
250.87343265
250.24903016
248.94893036
250.23026262
193.49400227
79.75234645
73.63409493
77.34505699
117.29753818
185.40525134
214.99916234
212.42432058
211.77296832
211.12362015
213.71335441
207.24108599
120.17578762
73.72701566
75.00326639
73.73447868
73.72828515
73.72845307
73.72168444
73.71139485
73.7102675
73.72633243
74.07262372
76.10634245
47.78031988
4.08467864
-0.00135718
0.00144026
-0.01054111
0.00212353
-0.00469343
-0.00800662
-0.00671207
-0.00827727
0.0042489
0.00557776
0.0081527
-0.00327837
0.01113319
54.58174219
194.96461713
191.93001632
142.10188474
132.87876205
134.1691981
61.2707038
0.00656565
-0.00666327
38.71300289
136.11835908
138.68282998
137.4105065
138.03603314
138.69028952
138.69388217
138.048141
149.30442913
197.10173287
214.44914605
212.40843392
211.76744192
211.76107878
211.76374918
212.40808682
212.42509238
211.77500819
211.76364561
211.76211626
211.77451011
212.42512571
212.41064289
211.12927532
213.70136968
209.19380251
152.42353354
120.80633767
125.04994078
113.91271951
118.11662022
185.24135232
188.41571605
215.76513284
249.88765768
250.24473964
250.22955186
250.87342047
250.8899987
250.23287738
250.24296621
250.22963999
250.88917956
250.87425732
250.23037079
250.23917987
250.22541439
250.88870374
250.87992028
250.24948285
249.59683571
236.93372374
126.44881111
72.95065023
74.25402581
90.69752945
151.80631016
209.18146929
212.40963935
212.41734309
211.77998352
211.12593283
213.70001593
207.25229146
120.16575296
73.73200655
75.00552285
73.71600344
73.71618612
73.72169207
73.72694308
73.72857396
73.73175846
73.73257188
76.10707896
53.58955564
7.15933464
-0.0049146
0.00217061
0.00838439
0.00701404
0.01044515
-0.00718193
0.00909109
-0.01100324
0.01102781
-0.01192976
0.00984691
-0.01005247
0.01156915
14.33428903
97.59186612
207.65872903
216.69119047
192.53293898
147.06285313
141.91174112
63.85959545
0.00949558
-0.00818239
40.64767377
141.90901986
138.67874622
138.05067421
138.05246319
138.68371989
138.68919654
138.05474381
138.04730366
153.40357983
202.16511425
214.11497239
211.75963531
211.77862432
211.75859337
212.41350801
212.41712297
211.76546101
211.7771745
211.76770749
211.7603154
212.41052062
212.42389274
211.77353897
211.12639253
216.28890003
185.31347454
127.89710617
122.11467654
123.77768539
104.51191575
154.89029614
189.41827052
194.98883894
238.97893088
250.24099265
250.22935001
250.8743581
250.87742128
250.24398863
250.23366111
250.23331101
250.87484267
250.88009282
250.23916898
250.23977108
250.24012719
250.8936104
250.87866764
250.22661721
251.52579503
189.22639525
84.25712348
73.62880803
77.34746154
118.01321857
188.91740323
214.34042148
211.76974352
212.42545761
211.77370992
211.13120103
213.69305042
207.25297406
120.17103781
73.71081288
75.00609393
73.7149233
73.72976727
73.71351071
73.71993985
73.71198058
73.72280384
75.77373799
58.70375194
10.22758536
0.00376564
0.00614873
-0.0017401
0.00777755
-0.00723571
0.01179745
-0.0031174
0.00455222
0.01192568
-0.00815609
-0.00410262
-0.00768087
0.00046276
10.58433786
58.01080869
111.24793313
204.67481577
211.76345174
213.15927295
184.81210599
142.107255
64.50024727
1.27867887
2.56891939
42.57816149
139.97952121
138.69599348
138.03770998
138.04849804
138.68031408
138.69174263
138.03874408
138.05521304
138.04785934
158.82750135
205.9399753
212.79530346
211.76483173
211.7707932
212.41415017
212.40458842
211.7608975
211.77648677
211.75919662
211.75644547
212.42142876
212.4067821
211.76426242
211.75925348
213.04905687
211.75990872
152.42831784
120.80373125
124.4255747
113.00372017
119.40835664
184.59006133
188.73364702
214.7801103
249.55726024
250.23869434
250.87307407
250.8907117
250.23246017
250.24049126
250.2468313
250.88643382
251.52724734
250.88764535
250.88664336
250.87795718
251.53874666
251.53076078
250.2289284
238.55402781
118.23091041
72.0116143
73.90981138
91.14954764
154.3579947
209.52942372
213.6959836
213.04652577
213.0664325
212.41381881
211.7684782
214.35916786
207.89527347
120.17098048
73.73113109
75.00911749
73.72020353
73.72199813
73.71852285
73.7309385
73.72665522
75.07822269
62.11445746
14.34495563
-0.00809147
0.00734371
0.00126917
0.00030746
-0.00407398
-0.00475181
-0.00722823
-0.00692989
0.00223922
0.00584088
-0.01190436
-0.00335625
0.00634478
7.17005004
52.89614578
76.12360497
109.20129604
205.96619914
213.71398653
212.74286857
214.42818221
180.29660654
103.93995213
67.72267535
71.59335978
92.24696063
140.63145423
139.3296804
138.6876645
138.67910569
139.34759098
139.32931613
138.70001111
138.68027889
138.699207
139.32891984
165.26900516
207.28683773
213.10428512
212.42233774
213.06170542
213.05369888
212.4105597
212.41391134
212.42052688
212.40387229
213.06707823
213.05641131
212.41031077
212.40278548
213.06700657
215.64868186
187.89648944
128.56534403
122.74062555
122.7864592
102.66067438
155.51396347
189.75328019
192.90395595
240.29367822
250.89412712
251.53461606
251.51956796
250.87648035
250.8870918
250.88770901
251.51963565
251.51607233
250.88572214
250.87477208
250.88662294
251.53407736
251.53198984
251.52772631
183.00473582
82.2920275
74.28856985
79.06833853
117.01831859
189.26200158
216.9351443
211.77975873
213.04857806
213.05337739
212.42272441
211.76484347
214.35596001
207.90836982
121.46178082
73.73297672
75.01145678
73.73255145
73.71377534
74.36660612
75.00488718
75.35590807
74.66736747
27.23663513
1.28535392
1.28329847
1.29253743
1.29220422
1.30045553
1.30179445
1.28538849
1.29174628
1.29112019
1.28282506
1.28651956
1.28501537
0.65338285
3.06509331
48.45357728
75.75810378
74.07471447
109.83608951
205.97207822
213.70005752
212.41925597
213.73516428
213.73607679
176.7713436
143.5408893
143.21009946
142.54960707
139.33715393
138.69356295
138.69838634
138.70167012
139.33057252
139.3374954
138.68828006
138.67995607
138.68607474
139.33356858
139.3283899
179.99747002
213.78522472
212.40218201
213.065719
213.05953014
212.40886616
212.42157976
212.42114089
212.40881257
213.06855249
213.06376385
212.41075991
212.41570363
212.42462481
213.71276243
213.7046245
152.41454193
123.40073897
125.06664874
113.30381048
116.92680786
